926.68359400 5213.60693400
927.85644500 5246.76562500
929.02929700 5153.66455100
930.20214800 5111.90185500
931.37500000 5123.64941400
932.54687500 5203.93066400
933.71875000 5125.73925800
934.89062500 5088.22168000
936.06250000 5222.11621100
937.23437500 5176.02978500
938.40527300 5237.11084000
939.57617200 5208.16210900
940.74609400 5144.88818400
941.91699200 5218.87060500
943.08691400 5170.59130900
944.25683600 5261.77685500
945.42675800 5333.68212900
946.59570300 5369.12158200
947.76562500 5355.18945300
948.93457000 5317.62695300
950.10253900 5245.67968800
951.27148400 5306.91308600
952.43945300 5449.83300800
953.60742200 5268.24755900
954.77539100 5282.22607400
955.94238300 5119.88525400
957.11035200 5213.41650400
958.27734400 5220.93896500
959.44433600 5262.89062500
960.61035200 5352.20459000
961.77636700 5359.76025400
962.94335900 5298.42431600
964.10839800 5305.97168000
965.27441400 5268.29199200
966.43945300 5161.65918000
967.60449200 5257.52734400
968.76953100 5282.31396500
969.93457000 5524.82714800
971.09863300 5370.72656300
972.26269500 5386.92578100
973.42675800 5297.44189500
974.59082000 5201.44873000
975.75390600 5288.83154300
976.91699200 5320.13476600
978.08007800 5256.46777300
979.24316400 5371.98486300
980.40527300 5299.66406300
981.56738300 5477.87890600
982.72949200 5370.98193400
983.89160200 5404.50195300
985.05273400 5455.32666000
986.21386700 5482.39209000
987.37500000 5442.43847700
988.53613300 5352.72607400
989.69628900 5509.57666000
990.85742200 5517.20312500
992.01757800 5403.64599600
993.17675800 5296.53515600
994.33691400 5485.97802700
995.49609400 5467.62060500
996.65527300 5397.27587900
997.81445300 5411.38720700
998.97265600 5432.00488300
1000.13085900 5482.97119100
1001.28906300 5518.78515600
1002.44726600 5483.06738300
1003.60449200 5505.88476600
1004.76269500 5520.03564500
1005.91992200 5351.96093800
1007.07617200 5298.81982400
1008.23339800 5477.88085900
1009.38964800 5429.08496100
1010.54589800 5482.31640600
1011.70214800 5544.25634800
1012.85839800 5536.71386700
1014.01367200 5372.74414100
1015.16894500 5443.39160200
1016.32421900 5437.99707000
1017.47851600 5486.94775400
1018.63378900 5448.94433600
1019.78808600 5597.95898400
1020.94238300 5507.75634800
1022.09570300 5543.70752000
1023.24902300 5490.45117200
1024.40332000 5424.11279300
1025.55566400 5433.94384800
1026.70898400 5576.60742200
1027.86132800 5423.12695300
1029.01367200 5352.36230500
1030.16601600 5560.46337900
1031.31835900 5681.47753900
1032.46972700 5569.30664100
1033.62109400 5631.50683600
1034.77246100 5621.77050800
1035.92382800 5660.01464800
1037.07421900 5626.28271500
1038.22558600 5592.53662100
1039.37500000 5715.91455100
1040.52539100 5457.33105500
1041.67578100 5530.51416000
1042.82519500 5669.24316400
1043.97460900 5532.80859400
1045.12304700 5603.86767600
1046.27246100 5552.58544900
1047.42089800 5604.00732400
1048.56933600 5568.00634800
1049.71777300 5639.13134800
1050.86523400 5500.33300800
1052.01269500 5591.16064500
1053.16015600 5581.38134800
1054.30761700 5551.90234400
1055.45507800 5603.39794900
1056.60156300 5768.75732400
1057.74804700 5662.65820300
1058.89453100 5874.09228500
1060.04003900 5864.35839800
1061.18554700 5981.70459000
1062.33105500 5954.45703100
1063.47656300 5933.77343800
1064.62207000 5781.53320300
1065.76660200 5703.78906300
1066.91113300 5641.36572300
1068.05566400 5651.31347700
1069.20019500 5689.79052700
1070.34375000 5660.24609400
1071.48730500 5494.58691400
1072.63085900 5732.85986300
1073.77343800 5760.40429700
1074.91699200 5715.47363300
1076.05957000 5593.62793000
1077.20214800 5726.63964800
1078.34375000 5787.17431600
1079.48632800 5641.08496100
1080.62793000 5571.89404300
1081.76953100 5555.45800800
1082.91113300 5635.80468800
1084.05175800 5689.78173800
1085.19238300 5730.57714800
1086.33300800 5742.77441400
1087.47363300 5836.43554700
1088.61328100 5778.19384800
1089.75293000 5609.80175800
1090.89257800 5749.75537100
1092.03222700 5753.15478500
1093.17187500 5694.84619100
1094.31054700 5861.35644500
1095.44921900 5752.33544900
1096.58691400 5612.39502000
1097.72558600 5540.77392600
1098.86328100 5773.57519500
1100.00097700 5825.52880900
1101.13867200 5705.35009800
1102.27636700 5713.15966800
1103.41308600 5846.82959000
1104.54980500 5797.25097700
1105.68652300 5787.41210900
1106.82226600 5925.59863300
1107.95898400 5732.36425800
1109.09472700 5810.91796900
1110.23046900 5832.02392600
1111.36523400 5908.41943400
1112.50000000 5661.93847700
1113.63574200 5930.78759800
1114.76953100 5812.54003900
1115.90429700 5789.40576200
1117.03808600 5925.63623000
1118.17285200 5906.94287100
1119.30664100 5837.30957000
1120.43945300 6046.72607400
1121.57324200 5844.16943400
1122.70605500 5776.69433600
1123.83886700 5844.38525400
1124.97070300 6014.07519500
1126.10351600 6079.62646500
1127.23535200 6111.93896500
1128.36718800 6279.57128900
1129.49902300 6218.75683600
1130.62988300 6519.62548800
1131.76171900 6558.71386700
1132.89257800 6393.57910200
1134.02246100 6343.83886700
1135.15332000 6187.47363300
1136.28320300 6002.16503900
1137.41308600 5972.30810500
1138.54296900 5953.54980500
1139.67285200 5928.11523400
1140.80175800 5882.66064500
1141.93066400 5803.83154300
1143.05957000 5896.22949200
1144.18750000 5993.11425800
1145.31640600 5945.40918000
1146.44433600 6017.86328100
1147.57226600 5896.68505900
1148.69921900 5980.29052700
1149.82714800 5894.68408200
1150.95410200 5811.26953100
1152.08105500 5857.03515600
1153.20800800 6005.32226600
1154.33398400 6048.91845700
1155.45996100 6143.80468800
1156.58593800 6038.05615200
1157.71191400 5941.18408200
1158.83691400 5902.26806600
1159.96289100 6070.82812500
1161.08789100 6049.77441400
1162.21191400 5968.44726600
1163.33691400 5911.64355500
1164.46093800 6024.52050800
1165.58496100 6115.10986300
1166.70898400 6140.95361300
1167.83300800 6055.09033200
1168.95605500 6027.29638700
1170.07910200 6265.48925800
1171.20214800 6072.28173800
1172.32519500 5995.27636700
1173.44726600 6090.46240200
1174.56933600 6006.71679700
1175.69140600 6048.24169900
1176.81347700 5937.59521500
1177.93457000 6032.84716800
1179.05566400 5975.88671900
1180.17675800 5939.05712900
1181.29785200 5953.73095700
1182.41796900 5894.47705100
1183.53906300 5918.10986300
1184.65918000 5892.44287100
1185.77832000 6066.28466800
1186.89843800 5847.80322300
1188.01757800 5929.75585900
1189.13671900 5803.12548800
1190.25585900 5961.38623000
1191.37402300 5994.04150400
1192.49316400 5903.25781300
1193.61132800 5974.07959000
1194.72949200 5923.67285200
1195.84668000 5918.16455100
1196.96484400 6042.94775400
1198.08203100 5967.80664100
1199.19921900 5966.79736300
1200.31543000 5918.58300800
1201.43261700 5859.10644500
1202.54882800 5900.79980500
1203.66503900 6007.73877000
1204.78125000 5896.49902300
1205.89648400 5863.96972700
1207.01171900 6004.72607400
1208.12695300 6008.22216800
1209.24218800 5896.88916000
1210.35742200 6024.22656300
1211.47168000 5935.37500000
1212.58593800 5934.35205100
1213.70019500 5899.52734400
1214.81347700 5880.46484400
1215.92773400 5852.37646500
1217.04101600 5986.62548800
1218.15429700 6037.48291000
1219.26660200 5968.80468800
1220.37988300 5990.34716800
1221.49218800 5905.83300800
1222.60449200 5767.11084000
1223.71679700 5957.94824200
1224.82812500 5839.50146500
1225.93945300 5951.38134800
1227.05078100 5871.28759800
1228.16210900 5956.10546900
1229.27246100 5925.69873000
1230.38378900 5996.99951200
1231.49414100 6036.67627000
1232.60449200 6076.36962900
1233.71386700 5944.17675800
1234.82421900 6015.53906300
1235.93359400 5885.54101600
1237.04199200 6092.71582000
1238.15136700 6107.55859400
1239.26074200 5952.59130900
1240.36914100 5917.58789100
1241.47753900 6016.21240200
1242.58496100 5901.91015600
1243.69335900 6000.57128900
1244.80078100 6110.60595700
1245.90820300 5996.25097700
1247.01562500 6115.39892600
1248.12207000 6046.35595700
1249.22949200 6090.70507800
1250.33593800 5976.25000000
1251.44140600 6143.14746100
1252.54785200 6074.05175800
1253.65332000 6136.60400400
1254.75878900 6103.80957000
1255.86425800 6086.89990200
1256.96972700 6054.08056600
1258.07421900 6123.49511700
1259.17968800 6004.30908200
1260.28418000 6089.65332000
1261.38769500 6159.11669900
1262.49218800 6201.32031300
1263.59570300 6207.14843800
1264.69921900 6135.62890600
1265.80273400 6193.78027300
1266.90527300 6240.57617200
1268.00878900 6303.32519500
1269.11132800 6158.90527300
1270.21386700 6162.45214800
1271.31543000 6332.27880900
1272.41796900 6185.49609400
1273.51953100 6163.98339800
1274.62109400 6201.72021500
1275.72168000 6146.00537100
1276.82324200 6129.03027300
1277.92382800 6118.88916000
1279.02441400 6126.99218800
1280.12500000 6310.77734400
1281.22460900 6410.20312500
1282.32519500 6320.22265600
1283.42480500 6316.95703100
1284.52441400 6309.12304700
1285.62304700 6223.63232400
1286.72265600 6298.01220700
1287.82128900 6342.71972700
1288.91992200 6241.18457000
1290.01757800 6295.04052700
1291.11621100 6472.37597700
1292.21386700 6553.74121100
1293.31152300 6655.72412100
1294.40918000 6748.59814500
1295.50585900 6656.17089800
1296.60253900 6476.73877000
1297.70019500 6457.46728500
1298.79589800 6220.68115200
1299.89257800 6260.88818400
1300.98828100 6298.82080100
1302.08496100 6329.89599600
1303.17968800 6409.10351600
1304.27539100 6389.79101600
1305.37109400 6281.06884800
1306.46582000 6222.74316400
1307.56054700 6185.03320300
1308.65527300 6188.59521500
1309.74902300 6192.15820300
1310.84277300 6317.34179700
1311.93652300 6153.38330100
1313.03027300 6324.52246100
1314.12402300 6114.57519500
1315.21679700 6102.04785200
1316.30957000 6091.81250000
1317.40234400 6224.01904300
1318.49511700 6094.30712900
1319.58691400 6221.97070300
1320.67968800 6262.32617200
1321.77148400 6086.55273400
1322.86328100 6175.19384800
1323.95410200 6270.77148400
1325.04492200 6301.96484400
1326.13574200 6153.66943400
1327.22656300 6226.28222700
1328.31738300 6133.16357400
1329.40722700 6284.09326200
1330.49804700 6269.25488300
1331.58789100 6247.49951200
1332.67675800 6193.47705100
1333.76660200 6362.97705100
1334.85546900 6398.85253900
1335.94433600 6181.13330100
1337.03320300 6267.71728500
1338.12109400 6162.89892600
1339.20996100 6168.77050800
1340.29785200 6165.41406300
1341.38574200 6092.81933600
1342.47363300 6114.83740200
1343.56054700 6164.56982400
1344.64746100 6348.26123000
1345.73437500 6208.65918000
1346.82128900 6159.09960900
1347.90820300 6171.90820300
1348.99414100 6240.18994100
1350.08007800 6088.89209000
1351.16601600 6147.93505900
1352.25097700 6200.06396500
1353.33691400 6171.25634800
1354.42187500 6191.02099600
1355.50683600 6203.85107400
1356.59179700 6228.25830100
1357.67578100 6176.28125000
1358.75976600 6142.80664100
1359.84472700 6153.31933600
1360.92773400 6029.48681600
1362.01171900 6137.28662100
1363.09472700 6272.93798800
1364.17871100 6102.69726600
1365.26074200 6145.66552700
1366.34375000 6105.17724600
1367.42675800 6220.05712900
1368.50878900 6188.84472700
1369.59082000 6287.54687500
1370.67285200 6089.25146500
1371.75390600 6171.72460900
1372.83593800 6172.97705100
1373.91699200 6304.26171900
1374.99804700 6189.41650400
1376.07812500 6086.13867200
1377.15918000 6203.54345700
1378.23925800 6186.20996100
1379.31933600 6052.65039100
1380.39941400 6181.74267600
1381.47851600 6299.26074200
1382.55859400 6223.78564500
1383.63769500 6180.84716800
1384.71679700 6300.76171900
1385.79492200 6316.00000000
1386.87402300 6100.80566400
1387.95214800 6097.38378900
1389.03027300 6270.93408200
1390.10839800 6255.89892600
1391.18554700 6198.92529300
1392.26367200 6204.83837900
1393.34082000 6271.34668000
1394.41796900 6344.87353500
1395.49414100 6248.23584000
1396.57128900 6261.15722700
1397.64746100 6306.73730500
1398.72363300 6289.34765600
1399.79980500 6372.28369100
1400.87500000 6333.89550800
1401.95019500 6276.81738300
1403.02636700 6252.40185500
1404.10058600 6255.99853500
1405.17578100 6254.92431600
1406.25097700 6295.89990200
1407.32519500 6210.71484400
1408.39941400 6258.70800800
1409.47265600 6505.41259800
1410.54687500 6333.70947300
1411.62011700 6309.26171900
1412.69335900 6184.22851600
1413.76660200 6356.25244100
1414.83984400 6401.99023400
1415.91210900 6564.76513700
1416.98535200 6575.44921900
1418.05761700 6604.86816400
1419.12890600 6376.70117200
1420.20117200 6370.95654300
1421.27246100 6421.43505900
1422.34375000 6408.66650400
1423.41503900 6356.04980500
1424.48632800 6322.16503900
1425.55664100 6417.21972700
1426.62793000 6439.61425800
1427.69824200 6483.12744100
1428.76757800 6421.08593800
1429.83789100 6530.31396500
1430.90722700 6454.17431600
1431.97656300 6593.96826200
1433.04589800 6672.77246100
1434.11523400 6789.18115200
1435.18457000 6999.59082000
1436.25293000 7116.11084000
1437.32128900 7343.11767600
1438.38964800 7537.31103500
1439.45703100 7604.64160200
1440.52539100 7488.60449200
1441.59277300 7247.88085900
1442.66015600 6981.18652300
1443.72656300 6963.76269500
1444.79394500 6819.26464800
1445.86035200 6672.35449200
1446.92675800 6784.32861300
1447.99316400 6665.60546900
1449.05957000 6779.97705100
1450.12500000 6842.57421900
1451.19043000 6641.33252000
1452.25585900 6887.72412100
1453.32128900 6787.75488300
1454.38671900 6904.62011700
1455.45117200 6828.19140600
1456.51562500 6900.30224600
1457.58007800 6807.33007800
1458.64453100 6858.23193400
1459.70800800 6772.29199200
1460.77148400 7007.29785200
1461.83496100 6772.63281300
1462.89843800 6892.03808600
1463.96191400 7006.76660200
1465.02441400 6795.58007800
1466.08691400 6844.18408200
1467.14941400 6727.39843800
1468.21191400 6646.01757800
1469.27343800 6609.51806600
1470.33593800 6681.76562500
1471.39746100 6702.01416000
1472.45800800 6518.85205100
1473.51953100 6494.12500000
1474.58105500 6476.48632800
1475.64160200 6560.61035200
1476.70214800 6450.65527300
1477.76171900 6326.45019500
1478.82226600 6427.16992200
1479.88183600 6343.17627000
1480.94140600 6458.15283200
1482.00097700 6582.65283200
1483.06054700 6557.88916000
1484.12011700 6397.99658200
1485.17871100 6418.23388700
1486.23730500 6398.16455100
1487.29589800 6349.62304700
1488.35351600 6460.01220700
1489.41210900 6444.68310500
1490.46972700 6391.37402300
1491.52734400 6390.26709000
1492.58496100 6251.45117200
1493.64160200 6335.80566400
1494.69824200 6353.68701200
1495.75585900 6480.85595700
1496.81152300 6406.10205100
1497.86816400 6390.73388700
1498.92480500 6529.86962900
1499.98046900 6276.76220700
1501.03613300 6289.89404300
1502.09179700 6348.22168000
1503.14648400 6406.57226600
1504.20214800 6443.53027300
1505.25683600 6356.74658200
1506.31152300 6267.54785200
1507.36621100 6468.77734400
1508.41992200 6451.00439500
1509.47460900 6306.98877000
1510.52832000 6320.14502000
1511.58203100 6466.73877000
1512.63476600 6472.78125000
1513.68847700 6428.76806600
1514.74121100 6542.09082000
1515.79394500 6416.99609400
1516.84668000 6284.69628900
1517.89941400 6333.64599600
1518.95117200 6375.45654300
1520.00293000 6402.96386700
1521.05468800 6397.06396500
1522.10644500 6360.12500000
1523.15820300 6406.74707000
1524.20898400 6427.11523400
1525.25976600 6425.99072300
1526.31054700 6389.02587900
1527.36132800 6378.33398400
1528.41113300 6360.46630900
1529.46093800 6270.86914100
1530.51171900 6362.96679700
1531.56054700 6268.55078100
1532.61035200 6233.90039100
1533.66015600 6352.36230500
1534.70898400 6164.55712900
1535.75781300 6306.98681600
1536.80664100 6334.55859400
1537.85449200 6268.75634800
1538.90332000 6416.07861300
1539.95117200 6304.75244100
1540.99902300 6320.36425800
1542.04687500 6280.86523400
1543.09375000 6373.17627000
1544.14160200 6352.84960900
1545.18847700 6433.22070300
1546.23535200 6417.69335900
1547.28125000 6428.54541000
1548.32812500 6437.00195300
1549.37402300 6438.26171900
1550.41992200 6441.92236300
1551.46582000 6390.37011700
1552.51171900 6329.19287100
1553.55664100 6416.88574200
1554.60156300 6305.24658200
1555.64746100 6294.46728500
1556.69140600 6418.24755900
1557.73632800 6453.14941400
1558.78027300 6262.10009800
1559.82519500 6400.37109400
1560.86914100 6382.38281300
1561.91210900 6402.87109400
1562.95605500 6550.87255900
1563.99902300 6448.68310500
1565.04199200 6262.21923800
1566.08496100 6448.79296900
1567.12793000 6406.71337900
1568.17089800 6458.53271500
1569.21289100 6462.20068400
1570.25488300 6381.55273400
1571.29687500 6387.61523400
1572.33886700 6456.33935500
1573.37988300 6455.18652300
1574.42187500 6321.43261700
1575.46289100 6317.84033200
1576.50390600 6401.07373000
1577.54394500 6491.57568400
1578.58496100 6509.72851600
1579.62500000 6354.13232400
1580.66503900 6461.57275400
1581.70507800 6581.12548800
1582.74414100 6369.91357400
1583.78418000 6431.53027300
1584.82324200 6440.02734400
1585.86230500 6448.52685500
1586.90136700 6452.19580100
1587.93945300 6499.37255900
1588.97851600 6464.37207000
1590.01660200 6494.64257800
1591.05468800 6464.46386700
1592.09277300 6531.02832000
1593.12988300 6512.94043000
1594.16796900 6523.88330100
1595.20507800 6452.53955100
1596.24218800 6349.69726600
1597.27929700 6561.57617200
1598.31543000 6371.53271500
1599.35156300 6503.56494100
1600.38867200 6463.64013700
1601.42480500 6397.04443400
1602.45996100 6427.36621100
1603.49609400 6368.00927700
1604.53125000 6408.03418000
1605.56640600 6586.29931600
1606.60156300 6507.53369100
1607.63671900 6557.31103500
1608.67089800 6551.30029300
1609.70507800 6470.05322300
1610.74023400 6544.12451200
1611.77343800 6370.58691400
1612.80761700 6570.93701200
1613.84179700 6397.33642600
1614.87500000 6524.89209000
1615.90820300 6506.71484400
1616.94140600 6571.15527300
1617.97363300 6606.45263700
1619.00683600 6600.43457000
1620.03906300 6482.56152300
1621.07128900 6425.44335900
1622.10351600 6431.54785200
1623.13476600 6598.23095700
1624.16699200 6572.73535200
1625.19824200 6420.66552700
1626.22949200 6480.32861300
1627.26074200 6642.27783200
1628.29199200 6589.98046900
1629.32226600 6596.12158200
1630.35253900 6448.78027300
1631.38281300 6705.87841800
1632.41308600 6614.55615200
1633.44335900 6437.87939500
1634.47265600 6487.88134800
1635.50195300 6693.97265600
1636.53125000 6553.79394500
1637.56054700 6567.25195300
1638.58886700 6446.51464800
1639.61816400 6606.38525400
1640.64648400 6766.31689500
1641.67480500 6716.34765600
1642.70312500 6488.10058600
1643.73046900 6486.90478500
1644.75878900 6583.42089800
1645.78613300 6660.42773400
1646.81347700 6537.07470700
1647.83984400 6528.55273400
1648.86718800 6581.14453100
1649.89355500 6540.83935500
1650.92089800 6556.76806600
1651.94628900 6504.21142600
1652.97265600 6429.61523400
1653.99902300 6428.40087900
1655.02441400 6483.47900400
1656.04980500 6367.21826200
1657.07519500 6552.07324200
1658.10058600 6570.47119100
1659.12500000 6508.04541000
1660.15039100 6666.08349600
1661.17480500 6512.98925800
1662.19921900 6501.98242200
1663.22363300 6471.36084000
1664.24707000 6568.21728500
1665.27050800 6495.90820300
1666.29492200 6666.38623000
1667.31835900 6522.92578100
1668.34082000 6610.05029300
1669.36425800 6432.16601600
1670.38671900 6511.94140600
1671.40918000 6559.83203100
1672.43164100 6624.92871100
1673.45410200 6540.23632800
1674.47558600 6541.48584000
1675.49804700 6459.20117200
1676.51953100 6512.03955100
1677.54101600 6523.11474600
1678.56250000 6502.23584000
1679.58300800 6562.48779300
1680.60351600 6529.31103500
1681.62500000 6473.98388700
1682.64453100 6553.94531300
1683.66503900 6454.30859400
1684.68554700 6561.36816400
1685.70507800 6636.46777300
1686.72460900 6590.95410200
1687.74414100 6604.52343800
1688.76367200 6509.72558600
1689.78222700 6486.33154300
1690.80175800 6615.69287100
1691.82031300 6575.05810500
1692.83886700 6559.05664100
1693.85742200 6439.50390600
1694.87500000 6571.41894500
1695.89257800 6338.37255900
1696.91113300 6465.38427700
1697.92871100 6528.29589800
1698.94531300 6509.79687500
1699.96289100 6530.78125000
1700.97949200 6534.49267600
1701.99609400 6357.95947300
1703.01269500 6591.30957000
1704.02929700 6528.34179700
1705.04589800 6591.34668000
1706.06152300 6758.15625000
1707.07714800 6549.36669900
1708.09277300 6604.99414100
1709.10839800 6497.46386700
1710.12304700 6639.65234400
1711.13867200 6665.64697300
1712.15332000 6582.80371100
1713.16796900 6564.25976600
1714.18261700 6639.74902300
1715.19628900 6522.19921900
1716.21093800 6699.21142600
1717.22460900 6608.86572300
1718.23828100 6639.83935500
1719.25195300 6574.21777300
1720.26464800 6677.04589800
1721.27832000 6643.62011700
1722.29101600 6620.09521500
1723.30371100 6546.98193400
1724.31640600 6481.27832000
1725.32812500 6594.10351600
1726.34082000 6652.40283200
1727.35253900 6576.75732400
1728.36425800 6401.82959000
1729.37597700 6618.95947300
1730.38769500 6630.14306600
1731.39843800 6576.77880900
1732.40918000 6555.67627000
1733.41992200 6487.37500000
1734.43066400 6625.23193400
1735.44140600 6693.57128900
1736.45117200 6515.91210900
1737.46191400 6514.66064500
1738.47168000 6759.52490200
1739.48046900 6721.02050800
1740.49023400 6647.68310500
1741.50000000 6609.14209000
1742.50878900 6754.69189500
1743.51757800 6671.36474600
1744.52636700 6650.22705100
1745.53515600 6527.01855500
1746.54296900 6525.76318400
1747.55078100 6668.94287100
1748.55957000 6702.58349600
1749.56640600 6591.74609400
1750.57421900 6759.93505900
1751.58203100 6634.11328100
1752.58886700 6585.51464800
1753.59570300 6813.63085900
1754.60253900 6585.51025400
1755.60937500 6659.08154300
1756.61523400 6655.35058600
1757.62207000 6551.81884800
1758.62793000 6563.03808600
1759.63378900 6763.95166000
1760.63964800 6752.74707000
1761.64453100 6706.58154300
1762.65039100 6605.45703100
1763.65527300 6863.97851600
1764.66015600 6717.87597700
1765.66503900 6691.65771500
1766.66894500 6792.88964800
1767.67382800 6579.19775400
1768.67773400 6677.94580100
1769.68164100 6746.72314500
1770.68554700 6727.98681600
1771.68847700 6589.16748000
1772.69238300 6630.44335900
1773.69531300 6724.28759800
1774.69824200 6713.04101600
1775.70117200 6546.57421900
1776.70410200 6635.44677700
1777.70605500 6761.91845700
1778.70800800 6700.57128900
1779.71093800 6646.71679700
1780.71191400 6670.52197300
1781.71386700 6626.66601600
1782.71582000 6675.54394500
1783.71679700 6704.38134800
1784.71777300 6698.12207000
1785.71875000 6749.54785200
1786.71972700 6846.14892600
1787.71972700 6629.14355500
1788.72070300 6708.19043000
1789.72070300 6659.25244100
1790.72070300 6763.43994100
1791.72070300 6737.09228500
1792.71972700 6889.05127000
1793.71875000 6704.46289100
1794.71875000 6688.13818400
1795.71777300 6794.94043000
1796.71679700 6806.27343800
1797.71484400 6694.43066400
1798.71386700 6637.86132800
1799.71191400 6618.99218800
1800.70996100 6844.09912100
1801.70800800 6785.00927700
1802.70507800 6753.57519500
1803.70312500 6573.64306600
1804.70019500 6826.59863300
1805.69726600 6694.44775400
1806.69433600 6612.60937500
1807.69140600 6719.63476600
1808.68750000 6642.80810500
1809.68457000 6560.91259800
1810.68066400 6733.50878900
1811.67675800 6659.16064500
1812.67187500 6814.19287100
1813.66796900 6712.09570300
1814.66308600 6715.87988300
1815.65820300 6838.21826200
1816.65332000 6741.11279300
1817.64843800 6767.61425800
1818.64355500 6804.22070300
1819.63769500 6707.05273400
1820.63183600 6675.49218800
1821.62597700 6795.43408200
1822.62011700 6518.88281300
1823.61425800 6762.62353500
1824.60742200 6715.88867200
1825.60058600 6891.52441400
1826.59375000 6796.77099600
1827.58691400 6901.70068400
1828.58007800 6854.95605500
1829.57226600 6595.75293000
1830.56543000 6650.11328100
1831.55761700 6585.58349600
1832.54980500 6801.91210900
1833.54101600 6671.58154300
1834.53320300 6614.61279300
1835.52441400 6707.00488300
1836.51562500 6670.28027300
1837.50683600 6793.11132800
1838.49804700 6796.92187500
1839.48925800 6681.64453100
1840.47949200 6637.28369100
1841.46972700 6674.01806600
1842.45996100 6746.25927700
1843.45019500 6577.63476600
1844.44043000 6690.46386700
1845.42968800 6793.18798800
1846.41894500 6609.25390600
1847.40820300 6673.93652300
1848.39746100 6791.94384800
1849.38671900 6658.67627000
1850.37500000 6756.41210900
1851.36425800 6691.65429700
1852.35253900 6687.83252000
1853.34082000 6826.27587900
1854.32812500 6728.46142600
1855.31640600 6879.67138700
1856.30371100 6814.87500000
1857.29101600 6826.32568400
1858.27832000 6741.15136700
1859.26562500 6724.61572300
1860.25293000 6662.28418000
1861.23925800 6663.53710900
1862.22558600 6748.76757800
1863.21191400 6714.40283200
1864.19824200 6774.21728500
1865.18457000 6706.74316400
1866.16992200 6697.81787100
1867.15527300 6854.45507800
1868.14062500 6707.97998000
1869.12597700 6854.48535200
1870.11132800 6814.99658200
1871.09668000 6637.84179700
1872.08105500 6639.08984400
1873.06543000 6813.74218800
1874.04980500 6758.91210900
1875.03418000 6857.12207000
1876.01757800 6922.19921900
1877.00097700 6737.20752000
1877.98535200 6794.62890600
1878.96875000 7020.56494100
1879.95117200 6741.01074200
1880.93457000 6629.90771500
1881.91699200 6664.36181600
1882.90039100 6619.62841800
1883.88281300 6743.53027300
1884.86425800 6847.03173800
1885.84668000 6602.91601600
1886.82812500 6793.36035200
1887.81054700 6784.41015600
1888.79199200 6831.72607400
1889.77343800 6873.94384800
1890.75390600 6808.71142600
1891.73535200 6960.98535200
1892.71582000 7028.84716800
1893.69628900 6681.99072300
1894.67675800 6816.40136700
1895.65722700 6735.72949200
1896.63769500 6749.80615200
1897.61718800 6909.92627000
1898.59668000 6752.34912100
1899.57617200 6812.57080100
1900.55566400 6729.25781300
1901.53515600 6951.03076200
1902.51367200 6806.16406300
1903.49218800 6930.56543000
1904.47070300 6872.86621100
1905.44921900 6951.13964800
1906.42773400 6813.86279300
1907.40527300 6792.04492200
1908.38378900 6844.67334000
1909.36132800 6925.56787100
1910.33886700 6821.57080100
1911.31543000 6807.44384800
1912.29296900 6775.32666000
1913.26953100 6974.47998000
1914.24609400 6934.67089800
1915.22265600 6938.54980500
1916.19921900 6777.86865200
1917.17578100 6956.59863300
1918.15136700 6790.71582000
1919.12695300 7018.39746100
1920.10351600 7014.57568400
1921.07812500 6897.50927700
1922.05371100 6811.28955100
1923.02832000 7000.52636700
1924.00390600 6965.79589800
1924.97851600 6943.93066400
1925.95312500 6898.87158200
1926.92675800 6920.78808600
1927.90136700 6989.10009800
1928.87500000 6828.03222700
1929.84863300 6965.96044900
1930.82226600 7013.69140600
1931.79589800 6960.85693400
1932.76953100 6915.74072300
1933.74218800 6788.04736300
1934.71484400 7003.51318400
1935.68750000 6849.97753900
1936.66015600 6964.85888700
1937.63281300 7043.63525400
1938.60449200 7112.11230500
1939.57714800 6880.99169900
1940.54882800 6985.63183600
1941.52050800 6868.09326200
1942.49121100 7019.28955100
1943.46289100 6945.65625000
1944.43359400 6965.06884800
1945.40429700 6968.97412100
1946.37500000 6864.25244100
1947.34570300 7010.41748000
1948.31640600 7016.92041000
1949.28613300 7077.77050800
1950.25585900 7125.70214800
1951.22558600 7036.44384800
1952.19531300 7175.01171900
1953.16503900 7083.13916000
1954.13378900 6999.00244100
1955.10253900 7034.01025400
1956.07128900 7040.52734400
1957.04003900 6995.21142600
1958.00878900 6993.94628900
1958.97656300 7119.72656300
1959.94531300 6921.39746100
1960.91308600 7013.49316400
1961.88085900 6986.28857400
1962.84863300 6948.69433600
1963.81543000 7110.91845700
1964.78222700 6873.46337900
1965.75000000 6942.27148400
1966.71679700 6857.89990200
1967.68261700 6890.37011700
1968.64941400 7089.10498000
1969.61523400 6996.91845700
1970.58203100 6990.45361300
1971.54785200 6903.41162100
1972.51367200 6889.12744100
1973.47851600 6963.24316400
1974.44433600 7065.99462900
1975.40918000 7072.54248000
1976.37402300 6886.57080100
1977.33886700 6958.14062500
1978.30371100 6912.61865200
1979.26757800 6981.61767600
1980.23242200 6967.32666000
1981.19628900 6900.94775400
1982.16015600 6907.47314500
1983.12402300 6955.68310500
1984.08691400 7056.02343800
1985.05078100 6885.36621100
1986.01367200 6910.14013700
1986.97656300 7049.63623000
1987.93945300 7027.51416000
1988.90234400 7107.09960900
1989.86425800 7024.98193400
1990.82617200 7005.45117200
1991.78808600 6928.50195300
1992.75000000 7049.89160200
1993.71191400 7064.29248000
1994.67382800 6877.64453100
1995.63476600 7187.12939500
1996.59570300 6916.84619100
1997.55664100 7040.96240200
1998.51757800 7065.82812500
1999.47851600 6991.38671900
2000.43847700 7097.29003900
2001.39843800 7090.80615200
2002.35839800 7122.18115200
