926.75488300 5344.16748000
927.92773400 5385.91259800
929.10058600 5412.69287100
930.27343800 5278.93261700
931.44628900 5344.24267600
932.61816400 5366.74755900
933.79003900 5384.97851600
934.96191400 5373.22216800
936.13378900 5402.17627000
937.30566400 5386.13232400
938.47656300 5445.11328100
939.64746100 5315.42968800
940.81738300 5297.21435500
941.98828100 5377.66357400
943.15820300 5391.63574200
944.32812500 5435.65673800
945.49804700 5466.81738300
946.66699200 5311.21777300
947.83593800 5426.10888700
949.00488300 5483.05908200
950.17382800 5301.59033200
951.34277300 5433.73828100
952.51074200 5404.76464800
953.67871100 5519.79296900
954.84668000 5490.82519500
956.01367200 5425.29003900
957.18164100 5366.18017600
958.34863300 5326.40722700
959.51464800 5420.02050800
960.68164100 5494.30322300
961.84765600 5379.19335900
963.01367200 5438.42724600
964.17968800 5508.45312500
965.34570300 5537.58398400
966.51074200 5571.03515600
967.67578100 5449.35888700
968.84082000 5437.54687500
970.00488300 5533.51171900
971.16992200 5416.06445300
972.33398400 5462.46435500
973.49804700 5478.68603500
974.66113300 5632.98828100
975.82519500 5457.20312500
976.98828100 5618.03906300
978.15136700 5487.51171900
979.31347700 5490.80029300
980.47656300 5491.93017600
981.63867200 5495.22070300
982.80078100 5492.03076200
983.96191400 5588.24414100
985.12402300 5494.29296900
986.28515600 5653.23974600
987.44628900 5621.97021500
988.60644500 5506.34033200
989.76757800 5643.75634800
990.92773400 5623.28320300
992.08789100 5633.09863300
993.24804700 5651.57666000
994.40722700 5873.56933600
995.56640600 5721.03613300
996.72558600 5700.55761700
997.88476600 5703.90039100
999.04296900 5516.56933600
1000.20214800 5775.60546900
1001.36035200 5672.75048800
1002.51757800 5712.94726600
1003.67578100 5688.10449200
1004.83300800 5689.27929700
1005.99023400 5575.47363300
1007.14746100 5593.98486300
1008.30371100 5655.91015600
1009.45996100 5620.17529300
1010.61621100 5677.78906300
1011.77246100 5622.49902300
1012.92871100 5547.63671900
1014.08398400 5700.86474600
1015.23925800 5658.58300800
1016.39453100 5683.66162100
1017.54882800 5554.40136700
1018.70410200 5651.22314500
1019.85839800 5706.76318400
1021.01269500 5734.04736300
1022.16601600 5830.96679700
1023.31933600 5734.24511700
1024.47363300 5691.89941400
1025.62597700 5710.49462900
1026.77929700 5624.57568400
1027.93164100 5669.30029300
1029.08398400 5785.93164100
1030.23632800 5739.19433600
1031.38867200 5690.25830100
1032.54003900 5693.61718800
1033.69140600 5635.93017600
1034.84277300 5706.88037100
1035.99414100 5817.12060500
1037.14453100 5765.96777300
1038.29492200 5692.97363300
1039.44531300 5674.51123000
1040.59570300 5734.62744100
1041.74511700 5910.48925800
1042.89550800 5780.68310500
1044.04394500 5711.98388700
1045.19335900 5704.42968800
1046.34277300 5714.35400400
1047.49121100 5781.10986300
1048.63964800 5777.93701200
1049.78710900 5728.84423800
1050.93554700 5767.21289100
1052.08300800 5744.34716800
1053.23046900 5795.86230500
1054.37793000 5720.47119100
1055.52441400 5767.62451200
1056.67089800 5904.55908200
1057.81738300 5901.40527300
1058.96386700 5953.00537100
1060.11035200 6136.06738300
1061.25585900 6187.73730500
1062.40136700 6033.42041000
1063.54687500 5936.03173800
1064.69140600 5963.57470700
1065.83691400 5907.79687500
1066.98144500 5849.80224600
1068.12597700 5846.62988300
1069.26953100 5830.29003900
1070.41308600 5873.20166000
1071.55664100 5867.83642600
1072.70019500 5829.53369100
1073.84375000 5795.60693400
1074.98632800 5772.64892600
1076.12890600 5740.89306600
1077.27148400 5854.15918000
1078.41406300 5822.40625000
1079.55566400 5847.79931600
1080.69726600 5756.66210900
1081.83886700 5775.45361300
1082.98046900 5899.84228500
1084.12109400 5802.05810500
1085.26171900 5924.30322300
1086.40234400 5866.10351600
1087.54296900 5838.70214800
1088.68261700 5892.76611300
1089.82324200 5931.43505900
1090.96289100 5859.96972700
1092.10156300 5889.83300800
1093.24121100 5864.61084000
1094.37988300 6057.61084000
1095.51855500 5849.41210900
1096.65722700 5857.24462900
1097.79492200 5959.92724600
1098.93261700 5910.42431600
1100.07031300 5902.82714800
1101.20800800 5979.09716800
1102.34570300 5905.28320300
1103.48242200 5919.75976600
1104.61914100 6031.41650400
1105.75585900 5973.02929700
1106.89160200 5967.64355500
1108.02832000 5948.99658200
1109.16406300 5965.70654300
1110.29980500 5863.04003900
1111.43457000 5928.38623000
1112.56933600 5849.99804700
1113.70507800 6196.31494100
1114.83886700 5916.59912100
1115.97363300 6012.99316400
1117.10742200 6036.37988300
1118.24218800 6183.76171900
1119.37500000 5994.60253900
1120.50878900 6004.70996100
1121.64160200 6125.59082000
1122.77539100 5985.05029300
1123.90820300 6070.51562500
1125.04003900 6277.93994100
1126.17285200 6135.12500000
1127.30468800 6247.28710900
1128.43652300 6381.67724600
1129.56835900 6460.65722700
1130.69921900 6632.87158200
1131.83007800 6620.93457000
1132.96093800 6675.59228500
1134.09179700 6355.01171900
1135.22265600 6263.05419900
1136.35253900 6155.50878900
1137.48242200 6110.13037100
1138.61230500 6069.17724600
1139.74121100 6197.13867200
1140.87109400 6180.64209000
1142.00000000 6259.75781300
1143.12793000 6054.21142600
1144.25683600 6164.47851600
1145.38476600 6139.05957000
1146.51367200 6055.76513700
1147.64062500 6010.27783200
1148.76855500 5995.94287100
1149.89550800 5925.92724600
1151.02343800 6071.94189500
1152.14941400 6028.64746100
1153.27636700 6156.91650400
1154.40332000 6213.91748000
1155.52929700 6027.95068400
1156.65527300 6116.16406300
1157.78027300 6046.06982400
1158.90625000 6232.47168000
1160.03125000 6182.45166000
1161.15625000 6174.81103500
1162.28125000 6129.22168000
1163.40527300 6063.52050800
1164.53027300 6221.08984400
1165.65429700 6175.48095700
1166.77734400 6203.57128900
1167.90136700 6160.17334000
1169.02441400 6255.31738300
1170.14746100 6406.38281300
1171.27050800 6186.37304700
1172.39355500 6160.82421900
1173.51562500 6188.94482400
1174.63769500 5970.98877000
1175.75976600 6209.41845700
1176.88183600 6112.23242200
1178.00293000 6088.87841800
1179.12402300 6087.90429700
1180.24511700 6062.29541000
1181.36621100 6126.27343800
1182.48730500 6055.85253900
1183.60742200 6146.74560500
1184.72753900 6020.26562500
1185.84668000 6079.80322300
1186.96679700 5964.46728500
1188.08593800 6071.11474600
1189.20507800 5955.72851600
1190.32421900 6015.30078100
1191.44335900 6133.24511700
1192.56152300 6094.11523400
1193.67968800 6155.99755900
1194.79785200 5977.63183600
1195.91503900 6091.17285200
1197.03320300 5901.48681600
1198.15039100 6015.05859400
1199.26757800 6085.97656300
1200.38378900 6186.14550800
1201.50097700 5998.56835900
1202.61718800 6096.51171900
1203.73339800 6088.77929700
1204.84960900 6067.54492200
1205.96484400 6059.80273400
1207.08007800 6164.59033200
1208.19531300 5954.26171900
1209.31054700 6043.30908200
1210.42578100 6202.20703100
1211.54003900 6036.80517600
1212.65429700 5961.45410200
1213.76855500 6086.63085900
1214.88183600 6211.85937500
1215.99609400 5935.85449200
1217.10937500 5973.16259800
1218.22265600 6042.06054700
1219.33496100 6018.49853500
1220.44824200 6026.51416000
1221.56054700 6045.81640600
1222.67285200 6062.86914100
1223.78418000 6091.21728500
1224.89648400 6017.95996100
1226.00781300 6141.17089800
1227.11914100 6013.67480500
1228.23046900 6019.43896500
1229.34082000 6108.82568400
1230.45117200 6085.22509800
1231.56152300 6109.09375000
1232.67187500 6108.09668000
1233.78222700 6145.55078100
1234.89160200 6142.29785200
1236.00097700 6005.53613300
1237.11035200 6126.73291000
1238.21972700 6053.29589800
1239.32812500 6077.18994100
1240.43652300 6189.41699200
1241.54492200 5975.50585900
1242.65332000 6146.66406300
1243.76074200 6116.20898400
1244.86816400 6131.07275400
1245.97558600 6082.46484400
1247.08300800 6299.13476600
1248.19043000 6302.70459000
1249.29687500 6233.68505900
1250.40332000 6309.84668000
1251.50976600 6084.21191400
1252.61523400 6201.23046900
1253.72168000 6268.35058600
1254.82714800 6251.47851600
1255.93261700 6143.74853500
1257.03710900 6247.24462900
1258.14257800 6262.16699200
1259.24707000 6236.18750000
1260.35156300 6407.95898400
1261.45605500 6266.04443400
1262.55957000 6133.16650400
1263.66308600 6359.61132800
1264.76660200 6342.72265600
1265.87011700 6296.24560500
1266.97363300 6201.95410200
1268.07617200 6198.67968800
1269.17871100 6165.80419900
1270.28125000 6296.88427700
1271.38281300 6282.23681600
1272.48535200 6388.33300800
1273.58691400 6236.97168000
1274.68847700 6267.88671900
1275.79003900 6431.03613300
1276.89062500 6288.70996100
1277.99121100 6278.60156300
1279.09179700 6298.14306600
1280.19238300 6463.71289100
1281.29199200 6289.32568400
1282.39257800 6386.48584000
1283.49218800 6369.53564500
1284.59179700 6382.26367200
1285.69043000 6358.45312500
1286.79003900 6231.83447300
1287.88867200 6372.49316400
1288.98730500 6339.52294900
1290.08496100 6471.11718800
1291.18359400 6536.46337900
1292.28125000 6775.62793000
1293.37890600 6994.30566400
1294.47656300 6908.81103500
1295.57324200 6802.68652300
1296.66992200 6600.39648400
1297.76660200 6523.92236300
1298.86328100 6394.75683600
1299.95996100 6318.20849600
1301.05566400 6317.21484400
1302.15136700 6437.64209000
1303.24707000 6383.96826200
1304.34277300 6266.09863300
1305.43750000 6492.03759800
1306.53320300 6229.69091800
1307.62793000 6308.94140600
1308.72168000 6289.59082000
1309.81640600 6396.41650400
1310.91015600 6338.06445300
1312.00390600 6254.44043000
1313.09765600 6276.38330100
1314.19140600 6250.11523400
1315.28418000 6251.39550800
1316.37695300 6289.42919900
1317.46972700 6272.33691400
1318.56250000 6257.53466800
1319.65429700 6304.78564500
1320.74609400 6269.29248000
1321.83789100 6420.03906300
1322.92968800 6368.45459000
1324.02148400 6369.75732400
1325.11230500 6341.14941400
1326.20312500 6199.76367200
1327.29394500 6267.78369100
1328.38476600 6289.78515600
1329.47460900 6265.74072300
1330.56445300 6223.26025400
1331.65429700 6353.53759800
1332.74414100 6377.87695300
1333.83300800 6326.17334000
1334.92187500 6173.02441400
1336.01171900 6296.47949200
1337.09960900 6304.68310500
1338.18847700 6269.06591800
1339.27636700 6337.24707000
1340.36425800 6377.76660200
1341.45214800 6249.82470700
1342.54003900 6306.50048800
1343.62695300 6201.57959000
1344.71484400 6239.79296900
1345.80175800 6278.02197300
1346.88769500 6320.88623000
1347.97460900 6275.95947300
1349.06054700 6321.15087900
1350.14648400 6398.72412100
1351.23242200 6277.48339800
1352.31835900 6341.20214800
1353.40332000 6261.53515600
1354.48828100 6237.36084000
1355.57324200 6347.38964800
1356.65820300 6448.20459000
1357.74218800 6264.31884800
1358.82714800 6392.94238300
1359.91113300 6359.50341800
1360.99511700 6344.58203100
1362.07812500 6297.21777300
1363.16113300 6303.13232400
1364.24511700 6292.82421900
1365.32812500 6296.42089800
1366.41015600 6265.23730500
1367.49316400 6373.19384800
1368.57519500 6258.50390600
1369.65722700 6401.30371100
1370.73925800 6277.28906300
1371.82031300 6259.99414100
1372.90234400 6386.62890600
1373.98339800 6188.22949200
1375.06445300 6280.06250000
1376.14453100 6174.47900400
1377.22558600 6208.25878900
1378.30566400 6283.88281300
1379.38574200 6271.20996100
1380.46582000 6404.99804700
1381.54492200 6292.35400400
1382.62500000 6400.61572300
1383.70410200 6304.20800800
1384.78320300 6282.21679700
1385.86132800 6343.99609400
1386.94043000 6203.29101600
1388.01855500 6351.22021500
1389.09668000 6375.79150400
1390.17480500 6267.61328100
1391.25195300 6264.22168000
1392.32910200 6186.26660200
1393.40722700 6178.19531300
1394.48339800 6475.47900400
1395.56054700 6297.26513700
1396.63671900 6468.76806600
1397.71386700 6453.74755900
1398.79003900 6392.06347700
1399.86523400 6353.68701200
1400.94140600 6259.28320300
1402.01660200 6351.58349600
1403.09179700 6439.25097700
1404.16699200 6389.17529300
1405.24218800 6332.07128900
1406.31640600 6291.29736300
1407.39062500 6383.69433600
1408.46484400 6396.66650400
1409.53906300 6500.80908200
1410.61328100 6441.32959000
1411.68652300 6463.67382800
1412.75976600 6457.95849600
1413.83300800 6564.53466800
1414.90625000 6540.11718800
1415.97851600 6426.75341800
1417.05078100 6533.38623000
1418.12304700 6611.96484400
1419.19531300 6627.34570300
1420.26660200 6513.90625000
1421.33886700 6498.81689500
1422.41015600 6521.21191400
1423.48144500 6487.36718800
1424.55175800 6416.00146500
1425.62304700 6539.21191400
1426.69335900 6688.26709000
1427.76367200 6581.71337900
1428.83398400 6390.65820300
1429.90332000 6443.56445300
1430.97363300 6679.55712900
1432.04296900 6810.00830100
1433.11230500 6733.89209000
1434.18066400 6986.52246100
1435.25000000 7142.94970700
1436.31835900 7186.66992200
1437.38671900 7458.33984400
1438.45507800 7509.19043000
1439.52343800 7564.76220700
1440.59082000 7227.69970700
1441.65820300 7033.95507800
1442.72558600 7080.05468800
1443.79296900 6961.48681600
1444.85937500 6951.11425800
1445.92578100 6905.43310500
1446.99218800 6913.87646500
1448.05859400 6821.07812500
1449.12500000 6768.27685500
1450.19043000 6847.36035200
1451.25585900 6740.35546900
1452.32128900 6996.19482400
1453.38671900 6712.40918000
1454.45214800 6885.83691400
1455.51660200 6896.64306600
1456.58105500 6942.82763700
1457.64550800 7007.90039100
1458.70996100 6990.42480500
1459.77343800 6913.94873000
1460.83691400 6983.77294900
1461.90039100 6836.44482400
1462.96386700 6925.16943400
1464.02734400 6938.35791000
1465.08984400 6946.82666000
1466.15234400 6808.82128900
1467.21484400 6788.91064500
1468.27734400 6650.81738300
1469.33886700 6581.22314500
1470.40136700 6639.27929700
1471.46289100 6616.95214800
1472.52343800 6625.36474600
1473.58496100 6560.43945300
1474.64550800 6431.59765600
1475.70703100 6515.71386700
1476.76757800 6580.92431600
1477.82714800 6553.81982400
1478.88769500 6588.27685500
1479.94726600 6620.37793000
1481.00683600 6389.51904300
1482.06640600 6407.37500000
1483.12597700 6567.44140600
1484.18457000 6471.55322300
1485.24414100 6460.98242200
1486.30273400 6398.23437500
1487.36035200 6413.73535200
1488.41894500 6457.71093800
1489.47656300 6311.87255900
1490.53515600 6346.35058600
1491.59277300 6440.18750000
1492.64941400 6424.84326200
1493.70703100 6316.87695300
1494.76367200 6391.76025400
1495.82031300 6471.42431600
1496.87695300 6344.39209000
1497.93359400 6309.99804700
1498.98925800 6506.16992200
1500.04492200 6324.38281300
1501.10058600 6349.41455100
1502.15625000 6293.58544900
1503.21191400 6373.33642600
1504.26660200 6360.31933600
1505.32128900 6430.59423800
1506.37597700 6317.60546900
1507.43066400 6447.42041000
1508.48535200 6324.86377000
1509.53906300 6433.29443400
1510.59277300 6232.06933600
1511.64648400 6285.72021500
1512.70019500 6296.49316400
1513.75293000 6381.16503900
1514.80566400 6465.86914100
1515.85839800 6359.83544900
1516.91113300 6530.43164100
1517.96386700 6484.00732400
1519.01562500 6356.43798800
1520.06835900 6185.86084000
1521.12011700 6382.81250000
1522.17089800 6477.18017600
1523.22265600 6461.73974600
1524.27343800 6393.74804700
1525.32421900 6349.61767600
1526.37500000 6396.26416000
1527.42578100 6378.40380900
1528.47558600 6389.21923800
1529.52636700 6311.58056600
1530.57617200 6525.63964800
1531.62597700 6414.51269500
1532.67480500 6332.04736300
1533.72460900 6338.07617200
1534.77343800 6121.54882800
1535.82226600 6252.00341800
1536.87109400 6322.65820300
1537.91894500 6407.70654300
1538.96777300 6291.60986300
1540.01562500 6438.96630900
1541.06347700 6406.68652300
1542.11132800 6400.75341800
1543.15820300 6569.78857400
1544.20605500 6372.09765600
1545.25293000 6342.17529300
1546.29980500 6400.97607400
1547.34570300 6455.00195300
1548.39257800 6326.70849600
1549.43847700 6361.54296900
1550.48437500 6425.19189500
1551.53027300 6284.81298800
1552.57617200 6348.47070300
1553.62109400 6525.02587900
1554.66601600 6346.15039100
1555.71093800 6366.61084000
1556.75585900 6391.88525400
1557.80078100 6361.88964800
1558.84472700 6281.39990200
1559.88964800 6426.88964800
1560.93359400 6384.85742200
1561.97656300 6479.91113300
1563.02050800 6546.13232400
1564.06347700 6378.97265600
1565.10644500 6372.99707000
1566.14941400 6477.74951200
1567.19238300 6428.45214800
1568.23535200 6381.54345700
1569.27734400 6353.88427700
1570.31933600 6294.89599600
1571.36132800 6322.62793000
1572.40332000 6463.64013700
1573.44433600 6619.16992200
1574.48535200 6398.65185500
1575.52636700 6257.62451200
1576.56738300 6140.66015600
1577.60839800 6477.17236300
1578.64843800 6381.91992200
1579.68945300 6501.41308600
1580.72949200 6497.85009800
1581.76855500 6465.31445300
1582.80859400 6423.10693400
1583.84863300 6419.52490200
1584.88769500 6370.04394500
1585.92675800 6373.69775400
1586.96582000 6517.51416000
1588.00390600 6463.18798800
1589.04199200 6345.98437500
1590.08105500 6383.48632800
1591.11914100 6336.35644500
1592.15625000 6318.23437500
1593.19433600 6416.23584000
1594.23144500 6439.25927700
1595.26855500 6568.78613300
1596.30566400 6451.44043000
1597.34277300 6479.32470700
1598.37988300 6512.06298800
1599.41601600 6600.52490200
1600.45214800 6546.08154300
1601.48828100 6406.80712900
1602.52441400 6444.40185500
1603.55957000 6438.37744100
1604.59472700 6437.19921900
1605.63085900 6414.19482400
1606.66503900 6602.19873000
1607.70019500 6477.32617200
1608.73535200 6493.13720700
1609.76953100 6525.94287100
1610.80371100 6444.67382800
1611.83789100 6625.57959000
1612.87109400 6483.58984400
1613.90527300 6411.97900400
1614.93847700 6539.53857400
1615.97168000 6438.75341800
1617.00488300 6384.10253900
1618.03808600 6480.13085900
1619.07031300 6537.29736300
1620.10253900 6385.36865200
1621.13476600 6513.06787100
1622.16699200 6499.72900400
1623.19921900 6637.23095700
1624.23046900 6648.24462900
1625.26171900 6369.62304700
1626.29296900 6475.53027300
1627.32421900 6464.60400400
1628.35546900 6475.59082000
1629.38574200 6420.81445300
1630.41601600 6536.55664100
1631.44628900 6613.35498000
1632.47656300 6529.32519500
1633.50683600 6523.26904300
1634.53613300 6536.71533200
1635.56543000 6445.30517600
1636.59472700 6722.16357400
1637.62402300 6547.80712900
1638.65234400 6500.26562500
1639.68164100 6452.70507800
1640.70996100 6473.47363300
1641.73828100 6530.87109400
1642.76660200 6558.98681600
1643.79394500 6433.24316400
1644.82226600 6544.40722700
1645.84960900 6523.67431600
1646.87695300 6419.84375000
1647.90332000 6521.29101600
1648.93066400 6632.55566400
1649.95703100 6682.73242200
1650.98339800 6512.81787100
1652.00976600 6499.39013700
1653.03613300 6500.63671900
1654.06250000 6521.45996100
1655.08789100 6441.94140600
1656.11328100 6587.60937500
1657.13867200 6615.80517600
1658.16406300 6487.27832000
1659.18847700 6679.57617200
1660.21386700 6475.06494100
1661.23828100 6419.94677700
1662.26269500 6678.51318400
1663.28613300 6540.06787100
1664.31054700 6357.43701200
1665.33398400 6415.05517600
1666.35742200 6543.82324200
1667.38085900 6574.51367200
1668.40429700 6494.80078100
1669.42675800 6525.49218800
1670.45019500 6296.00927700
1671.47265600 6459.24658200
1672.49511700 6465.39209000
1673.51757800 6476.45166000
1674.53906300 6563.66552700
1675.56054700 6454.35742200
1676.58203100 6394.15527300
1677.60351600 6474.02832000
1678.62500000 6458.05664100
1679.64648400 6429.78369100
1680.66699200 6349.85498000
1681.68750000 6257.59668000
1682.70800800 6531.87451200
1683.72851600 6412.54736300
1684.74804700 6416.23193400
1685.76855500 6434.68701200
1686.78808600 6549.17041000
1687.80761700 6562.73193400
1688.82617200 6428.51611300
1689.84570300 6511.03710900
1690.86425800 6524.59765600
1691.88281300 6437.12109400
1692.90136700 6455.60205100
1693.91992200 6520.93164100
1694.93847700 6384.08593800
1695.95605500 6446.95947300
1696.97363300 6480.25537100
1697.99121100 6434.61132800
1699.00878900 6490.12597700
1700.02539100 6496.29736300
1701.04296900 6455.56640600
1702.05957000 6432.10302700
1703.07617200 6492.59716800
1704.09179700 6550.64404300
1705.10839800 6418.47998000
1706.12402300 6508.65722700
1707.13964800 6613.69677700
1708.15527300 6535.85156300
1709.17089800 6440.66894500
1710.18652300 6394.90771500
1711.20117200 6465.37695300
1712.21582000 6328.07031300
1713.23046900 6440.61621100
1714.24511700 6533.40625000
1715.25976600 6487.61718800
1716.27343800 6513.60595700
1717.28710900 6537.12793000
1718.30078100 6577.99560500
1719.31445300 6499.97558600
1720.32812500 6625.08886700
1721.34082000 6462.79345700
1722.35351600 6409.49169900
1723.36621100 6433.01855500
1724.37890600 6394.56738300
1725.39160200 6569.37597700
1726.40332000 6528.45459000
1727.41503900 6445.34179700
1728.42675800 6481.30273400
1729.43847700 6517.27685500
1730.45019500 6573.12207000
1731.46093800 6480.02246100
1732.47168000 6414.20263700
1733.48242200 6554.50537100
1734.49316400 6421.60156300
1735.50390600 6474.99511700
1736.51367200 6463.79541000
1737.52343800 6514.73144500
1738.53418000 6503.53418000
1739.54296900 6614.17285200
1740.55273400 6677.59960900
1741.56250000 6390.31640600
1742.57128900 6523.38671900
1743.58007800 6524.62109400
1744.58886700 6553.23291000
1745.59668000 6509.66406300
1746.60546900 6627.91699200
1747.61328100 6509.63623000
1748.62109400 6525.81201200
1749.62890600 6599.29150400
1750.63671900 6620.47314500
1751.64355500 6532.00585900
1752.65136700 6406.11523400
1753.65820300 6474.64013700
1754.66503900 6642.93457000
1755.67187500 6654.16601600
1756.67773400 6455.86035200
1757.68359400 6609.27539100
1758.69043000 6563.10937500
1759.69628900 6669.17919900
1760.70117200 6627.99951200
1761.70703100 6491.92187500
1762.71191400 6580.55517600
1763.71679700 6714.18310500
1764.72168000 6420.65039100
1765.72656300 6579.28515600
1766.73144500 6525.54345700
1767.73535200 6526.77490200
1768.73925800 6525.50634800
1769.74316400 6719.28906300
1770.74707000 6640.52050800
1771.75097700 6506.68603500
1772.75390600 6562.95947300
1773.75781300 6569.20214800
1774.76074200 6653.04101600
1775.76367200 6499.07910200
1776.76562500 6442.71337900
1777.76855500 6639.27441400
1778.77050800 6540.32959000
1779.77246100 6511.49804700
1780.77441400 6570.36035200
1781.77636700 6614.20654300
1782.77734400 6575.34423800
1783.77832000 6584.10498000
1784.77929700 6645.53173800
1785.78027300 6890.08154300
1786.78125000 6590.33642600
1787.78222700 6681.90820300
1788.78222700 6678.14794900
1789.78222700 6616.65283200
1790.78222700 6655.55810500
1791.78222700 6576.45800800
1792.78125000 6642.99658200
1793.78125000 6536.23144500
1794.78027300 6547.51220700
1795.77929700 6611.56884800
1796.77832000 6663.08203100
1797.77636700 6591.43359400
1798.77539100 6587.64599600
1799.77343800 6453.08447300
1800.77148400 6539.82031300
1801.76953100 6614.00927700
1802.76757800 6509.57080100
1803.76464800 6535.96337900
1804.76171900 6617.74414100
1805.75878900 6734.80322300
1806.75585900 6391.08300800
1807.75293000 6472.88183600
1808.74902300 6632.80371100
1809.74609400 6538.30761700
1810.74218800 6516.85742200
1811.73828100 6616.38378900
1812.73339800 6436.11669900
1813.72949200 6565.92285200
1814.72460900 6715.95312500
1815.71972700 6586.05029300
1816.71484400 6473.75878900
1817.70996100 6603.66845700
1818.70507800 6562.00488300
1819.69921900 6406.73095700
1820.69335900 6339.76660200
1821.68750000 6492.47509800
1822.68164100 6571.99462900
1823.67578100 6568.17773400
1824.66894500 6597.20654300
1825.66210900 6469.56152300
1826.65527300 6501.10986300
1827.64843800 6618.62597700
1828.64160200 6685.61425800
1829.63378900 6484.54541000
1830.62695300 6680.53955100
1831.61914100 6580.59472700
1832.61132800 6528.69140600
1833.60253900 6436.27294900
1834.59472700 6612.15332000
1835.58593800 6562.75781300
1836.57714800 6647.56103500
1837.56835900 6552.56152300
1838.55957000 6515.79296900
1839.55078100 6641.17578100
1840.54101600 6561.32617200
1841.53125000 6633.53369100
1842.52148400 6660.13330100
1843.51171900 6516.84814500
1844.50195300 6469.88525400
1845.49121100 6605.54638700
1846.48046900 6360.68261700
1847.46972700 6519.21240200
1848.45898400 6510.28564500
1849.44824200 6597.82177700
1850.43652300 6657.46093800
1851.42480500 6719.66210900
1852.41308600 6555.82324200
1853.40136700 6577.37988300
1854.38964800 6563.37011700
1855.37793000 6582.39453100
1856.36523400 6642.09668000
1857.35253900 6531.47900400
1858.33984400 6558.13574200
1859.32714800 6429.65673800
1860.31347700 6563.14599600
1861.30078100 6643.25439500
1862.28710900 6514.71826200
1863.27343800 6523.57910200
1864.25976600 6570.62939500
1865.24511700 6554.04101600
1866.23144500 6624.03515600
1867.21679700 6472.44873000
1868.20214800 6702.95703100
1869.18750000 6729.69921900
1870.17187500 6516.87890600
1871.15722700 6609.87304700
1872.14160200 6498.93359400
1873.12597700 6579.20849600
1874.11035200 6575.34521500
1875.09472700 6632.70459000
1876.07812500 6498.72168000
1877.06250000 6568.84814500
1878.04589800 6702.81298800
1879.02929700 6543.23730500
1880.01269500 6730.86962900
1880.99511700 6709.15087900
1881.97851600 6666.98828100
1882.96093800 6527.72412100
1883.94335900 6518.73144500
1884.92578100 6594.07763700
1885.90722700 6641.33252000
1886.88964800 6550.53710900
1887.87109400 6666.84814500
1888.85253900 6683.44970700
1889.83398400 6674.47460900
1890.81543000 6504.29638700
1891.79589800 6717.93554700
1892.77636700 6652.64794900
1893.75781300 6595.01660200
1894.73828100 6757.58007800
1895.71777300 6630.79541000
1896.69824200 6834.41259800
1897.67773400 6766.52294900
1898.65722700 6726.79589800
1899.63671900 6671.67578100
1900.61621100 6798.54687500
1901.59570300 6720.34228500
1902.57421900 6616.46337900
1903.55273400 6512.54492200
1904.53125000 6472.72412100
1905.50976600 6640.73242200
1906.48828100 6611.18652300
1907.46582000 6620.13330100
1908.44433600 6598.27490200
1909.42187500 6617.49414100
1910.39941400 6682.95166000
1911.37597700 6694.48730500
1912.35351600 6849.91113300
1913.33007800 6727.85058600
1914.30664100 6752.25244100
1915.28320300 6676.40185500
1916.25976600 6680.23291000
1917.23632800 6745.78759800
1918.21191400 6824.22851600
1919.18750000 6763.77050800
1920.16308600 6649.25146500
1921.13867200 6861.55175800
1922.11425800 6662.05859400
1923.08886700 6892.46435500
1924.06445300 6860.28857400
1925.03906300 6807.49511700
1926.01367200 6664.51611300
1926.98730500 6650.31494100
1927.96191400 6646.41699200
1928.93554700 6616.74169900
1929.90918000 6654.08544900
1930.88281300 6737.85791000
1931.85644500 6661.75878900
1932.83007800 6758.46191400
1933.80273400 6878.42236300
1934.77539100 6706.82666000
1935.74804700 6728.74316400
1936.72070300 6727.43408200
1937.69335900 6767.43701200
1938.66503900 6768.71728500
1939.63671900 6726.08740200
1940.60839800 6729.94335900
1941.58007800 6671.78613300
1942.55175800 6711.81591800
1943.52246100 6937.97607400
1944.49414100 6848.79980500
1945.46484400 6808.72216800
1946.43554700 6569.47607400
1947.40625000 6694.89160200
1948.37597700 6773.78173800
1949.34668000 6580.97460900
1950.31640600 6709.05175800
1951.28613300 6720.67871100
1952.25488300 6815.16943400
1953.22460900 6850.12988300
1954.19433600 7045.70410200
1955.16308600 6878.63671900
1956.13183600 6651.90625000
1957.10058600 6647.98437500
1958.06835900 6747.75341800
1959.03710900 6624.58056600
1960.00488300 6724.38281300
1960.97265600 6824.22314500
1961.94043000 6716.56005900
1962.90820300 6665.94043000
1963.87597700 6918.94628900
1964.84277300 6761.92041000
1965.80957000 6638.58593800
1966.77636700 6813.82910200
1967.74316400 6755.38867200
1968.70898400 6668.35058600
1969.67578100 6705.99365200
1970.64160200 6754.04638700
1971.60742200 6685.15283200
1972.57324200 6816.41015600
1973.53906300 6776.10449200
1974.50390600 6795.59912100
1975.46875000 6690.24462900
1976.43457000 6691.51904300
1977.39843800 6822.90234400
1978.36328100 6878.85839800
1979.32812500 6908.80468800
1980.29199200 6696.62109400
1981.25585900 6786.43945300
1982.21972700 6701.77978500
1983.18359400 6726.50439500
1984.14746100 6808.56298800
1985.11035200 6755.13330100
1986.07324200 6631.30371100
1987.03613300 6632.56933600
1987.99902300 6818.97851600
1988.96191400 6752.46923800
1989.92382800 6732.89013700
1990.88671900 6820.27832000
1991.84863300 6745.90234400
1992.81054700 6762.85302700
1993.77148400 6808.52685500
1994.73339800 6885.55175800
1995.69433600 6871.19921900
1996.65527300 6773.25341800
1997.61621100 6795.45068400
1998.57714800 6710.51855500
1999.53808600 6724.87158200
2000.49804700 6741.84472700
2001.45800800 6858.18017600
2002.41796900 6907.85839800
