926.73144500 5551.66699200
927.90429700 5606.29296900
929.07714800 5532.52636700
930.25000000 5623.56250000
931.42285200 5571.18115200
932.59472700 5724.36718800
933.76757800 5644.13916000
934.93847700 5632.43603500
936.11035200 5580.01367200
937.28222700 5626.16210900
938.45312500 5678.76025400
939.62402300 5703.50585900
940.79394500 5685.36962900
941.96484400 5705.83691400
943.13476600 5694.12988300
944.30468800 5742.50439500
945.47460900 5797.33789100
946.64355500 5641.80664100
947.81347700 5567.80712900
948.98242200 5736.46582000
950.15039100 5827.86132800
951.31933600 5818.31152300
952.48730500 5694.86035200
953.65527300 5586.40527300
954.82324200 5815.43750000
955.99023400 5741.36767600
957.15820300 5650.06152300
958.32519500 5834.07226600
959.49121100 5846.02685500
960.65820300 5640.62500000
961.82421900 5790.30664100
962.99023400 5772.11816400
964.15625000 5700.08642600
965.32226600 5789.56445300
966.48730500 5844.61084000
967.65234400 5666.96728500
968.81738300 5816.83886700
969.98242200 5731.80908200
971.14648400 5773.95214800
972.31054700 5744.94726600
973.47460900 5772.01171900
974.63769500 5771.04101600
975.80175800 5791.64843800
976.96484400 5911.54541000
978.12793000 5852.31689500
979.29003900 5739.08496100
980.45312500 5865.52392600
981.61523400 5726.32714800
982.77734400 5788.00048800
983.93945300 5812.96240200
985.10058600 5967.61914100
986.26171900 5951.55371100
987.42285200 5933.31884800
988.58398400 5930.21630900
989.74414100 5920.62255900
990.90429700 5904.53369100
992.06445300 5920.89941400
993.22460900 5984.89160200
994.38378900 5897.36230500
995.54296900 5898.57861300
996.70214800 6092.55712900
997.86132800 6141.47265600
999.02050800 6004.06787100
1000.17871100 6154.84375000
1001.33691400 6164.78515600
1002.49511700 6014.29150400
1003.65234400 6158.65722700
1004.80957000 6036.29638700
1005.96679700 6091.77929700
1007.12402300 6147.28515600
1008.28125000 6059.57128900
1009.43750000 6039.11572300
1010.59375000 5970.88476600
1011.75000000 5980.80566400
1012.90527300 5958.14843800
1014.06054700 6007.17724600
1015.21582000 5949.74755900
1016.37109400 6044.43798800
1017.52636700 6015.25293000
1018.68066400 6023.02050800
1019.83496100 6189.55371100
1020.98925800 6227.81396500
1022.14257800 6150.77685500
1023.29687500 6125.93603500
1024.45019500 6207.73925800
1025.60351600 6195.96191400
1026.75585900 6168.93701200
1027.90918000 6098.34130900
1029.06152300 6143.17285200
1030.21386700 6294.78808600
1031.36523400 6235.07080100
1032.51757800 6133.91259800
1033.66894500 6259.45703100
1034.82031300 6197.51416000
1035.97070300 5982.86572300
1037.12207000 6221.89941400
1038.27246100 6295.19677700
1039.42285200 6176.46435500
1040.57226600 6278.16064500
1041.72265600 6111.34082000
1042.87207000 6171.57177700
1044.02148400 6205.61669900
1045.17089800 6254.96826200
1046.31933600 6230.04345700
1047.46777300 6240.07861300
1048.61621100 6335.37646500
1049.76464800 6332.31787100
1050.91210900 6254.89892600
1052.06054700 6332.75878900
1053.20800800 6314.38134800
1054.35449200 6390.09765600
1055.50195300 6590.60888700
1056.64843800 6666.41308600
1057.79492200 6967.79296900
1058.94140600 7223.30419900
1060.08691400 7586.26318400
1061.23339800 7467.32714800
1062.37890600 7429.42968800
1063.52343800 7056.13574200
1064.66894500 6833.96826200
1065.81347700 6664.33886700
1066.95800800 6630.62890600
1068.10253900 6449.91699200
1069.24707000 6413.95361300
1070.39062500 6380.16992200
1071.53418000 6172.95019500
1072.67773400 6290.60351600
1073.82031300 6520.30859400
1074.96386700 6425.01367200
1076.10644500 6428.54589800
1077.24902300 6434.27734400
1078.39062500 6415.83300800
1079.53320300 6386.38916000
1080.67480500 6453.68261700
1081.81640600 6589.18310500
1082.95703100 6634.54882800
1084.09863300 6552.31884800
1085.23925800 6505.26611300
1086.37988300 6605.67089800
1087.52050800 6426.51171900
1088.66015600 6568.78076200
1089.79980500 6530.50146500
1090.93945300 6556.09228500
1092.07910200 6475.92822300
1093.21777300 6479.47900400
1094.35742200 6474.21337900
1095.49609400 6583.59619100
1096.63378900 6543.06543000
1097.77246100 6595.15820300
1098.91015600 6543.58154300
1100.04785200 6613.34912100
1101.18554700 6570.58252000
1102.32226600 6578.57177700
1103.45996100 6635.14111300
1104.59668000 6760.19726600
1105.73242200 6759.39453100
1106.86914100 6732.07861300
1108.00488300 6631.82519500
1109.14062500 6723.82812500
1110.27636700 6612.47705100
1111.41210900 6600.58496100
1112.54687500 6765.62500000
1113.68164100 6696.24316400
1114.81640600 6821.54394500
1115.95117200 6816.32373000
1117.08496100 6897.43017600
1118.21875000 6790.37841800
1119.35253900 6822.79394500
1120.48632800 6915.02587900
1121.61914100 6781.32568400
1122.75195300 7033.12841800
1123.88476600 7083.35058600
1125.01757800 7370.78906300
1126.14941400 7443.27441400
1127.28222700 7611.15039100
1128.41406300 7996.47656300
1129.54492200 8406.36718800
1130.67675800 8871.90527300
1131.80761700 9011.36328100
1132.93847700 8531.49609400
1134.06933600 7982.59375000
1135.19921900 7435.68408200
1136.33007800 7237.30566400
1137.45996100 7192.15234400
1138.58984400 6964.75000000
1139.71875000 6826.16357400
1140.84765600 6998.77343800
1141.97656300 6897.93896500
1143.10546900 7055.06591800
1144.23437500 6827.39599600
1145.36230500 6853.29248000
1146.49023400 6954.86816400
1147.61816400 6833.88378900
1148.74609400 7017.87695300
1149.87304700 6899.08154300
1151.00000000 6802.51025400
1152.12695300 6835.11523400
1153.25390600 7043.77246100
1154.37988300 6831.27246100
1155.50683600 6950.84423800
1156.63281300 6872.01953100
1157.75781300 6877.90869100
1158.88378900 6968.56494100
1160.00878900 6878.53808600
1161.13378900 6933.52636700
1162.25878900 7022.01806600
1163.38281300 6974.36279300
1164.50781300 7031.63720700
1165.63183600 7126.90332000
1166.75488300 7119.44921900
1167.87890600 7161.14746100
1169.00195300 7357.06640600
1170.12500000 7329.53710900
1171.24804700 7277.40185500
1172.37109400 7240.89892600
1173.49316400 6904.66308600
1174.61523400 7004.53271500
1175.73730500 7012.70117200
1176.85937500 7090.25341800
1177.98046900 6928.31250000
1179.10156300 6867.05957000
1180.22265600 6902.07812500
1181.34375000 7002.06982400
1182.46484400 6956.47558600
1183.58496100 6879.48974600
1184.70507800 6927.98681600
1185.82421900 6931.66748000
1186.94433600 6838.93164100
1188.06347700 6835.86621100
1189.18261700 6700.45019500
1190.30175800 6829.73095700
1191.42089800 6792.99853500
1192.53906300 6978.46582000
1193.65722700 6881.13183600
1194.77539100 6909.50634800
1195.89257800 6906.44873000
1197.01074200 6818.02343800
1198.12793000 7032.89697300
1199.24511700 6859.05908200
1200.36132800 6912.18310500
1201.47851600 6945.09375000
1202.59472700 6867.82714800
1203.71093800 7004.20752000
1204.82714800 6933.66894500
1205.94238300 6820.34716800
1207.05761700 7085.08935500
1208.17285200 6881.70556600
1209.28808600 6916.90673800
1210.40332000 7001.66699200
1211.51757800 7012.12890600
1212.63183600 6903.18554700
1213.74609400 6969.96728500
1214.85937500 6953.38037100
1215.97363300 6806.03076200
1217.08691400 7048.71191400
1218.20019500 6978.00195300
1219.31250000 6938.84326200
1220.42578100 7001.20019500
1221.53808600 6950.74560500
1222.65039100 6936.38476600
1223.76171900 7010.06689500
1224.87402300 6912.16064500
1225.98535200 6958.76416000
1227.09668000 7046.04980500
1228.20800800 6916.45507800
1229.31835900 6926.92675800
1230.42968800 7041.38427700
1231.54003900 7020.23242200
1232.64941400 7060.12890600
1233.75976600 6955.28173800
1234.86914100 6986.13134800
1235.97851600 6874.43554700
1237.08789100 7188.19091800
1238.19726600 7051.58886700
1239.30566400 7116.44531300
1240.41406300 7147.35791000
1241.52246100 7255.29785200
1242.63085900 7134.45410200
1243.73828100 7178.98486300
1244.84668000 7191.80127000
1245.95410200 7118.47558600
1247.06054700 7283.20654300
1248.16796900 7112.34570300
1249.27441400 7131.96289100
1250.38085900 7230.99902300
1251.48730500 7202.99072300
1252.59375000 7111.41455100
1253.69921900 7321.75195300
1254.80468800 7202.91210900
1255.91015600 7286.16406300
1257.01562500 7249.04882800
1258.12011700 7130.11914100
1259.22460900 7206.58837900
1260.32910200 7487.66943400
1261.43359400 7395.99707000
1262.53710900 7361.13769500
1263.64160200 7383.12695300
1264.74511700 7188.99951200
1265.84765600 7352.04052700
1266.95117200 7342.17627000
1268.05371100 7327.75537100
1269.15625000 7304.22021500
1270.25878900 7335.33105500
1271.36132800 7345.95361300
1272.46289100 7349.74560500
1273.56445300 7351.25976600
1274.66601600 7371.00781300
1275.76757800 7304.13525400
1276.86816400 7497.17285200
1277.96972700 7300.30175800
1279.07031300 7292.68017600
1280.16992200 7344.37597700
1281.27050800 7302.52880900
1282.37011700 7370.22412100
1283.46972700 7629.71728500
1284.56933600 7405.22558600
1285.66894500 7546.06787100
1286.76757800 7517.92285200
1287.86621100 7597.15380900
1288.96484400 7751.83300800
1290.06347700 7931.71875000
1291.16113300 8363.16699200
1292.25878900 9066.91503900
1293.35644500 9944.77832000
1294.45410200 9919.36914100
1295.55175800 9111.40234400
1296.64843800 8223.00195300
1297.74511700 7991.20361300
1298.84179700 7786.78418000
1299.93750000 7596.02050800
1301.03418000 7652.55175800
1302.12988300 7603.72119100
1303.22558600 7609.86425800
1304.32031300 7583.92285200
1305.41601600 7606.10986300
1306.51074200 7543.47021500
1307.60546900 7434.93798800
1308.70019500 7539.68261700
1309.79394500 7474.69482400
1310.88867200 7423.44824200
1311.98242200 7489.23535200
1313.07519500 7479.29150400
1314.16894500 7501.48877000
1315.26171900 7339.96630900
1316.35546900 7497.67089800
1317.44726600 7462.44531300
1318.54003900 7466.27148400
1319.63281300 7332.18847700
1320.72460900 7312.99853500
1321.81640600 7546.73779300
1322.90820300 7598.87988300
1323.99902300 7448.60937500
1325.08984400 7710.12841800
1326.18164100 7476.97119100
1327.27148400 7351.90136700
1328.36230500 7450.09912100
1329.45214800 7578.27197300
1330.54296900 7524.54394500
1331.63281300 7509.95556600
1332.72168000 7509.18554700
1333.81152300 7519.93798800
1334.90039100 7484.59228500
1335.98925800 7483.81494100
1337.07812500 7453.05859400
1338.16601600 7473.03173800
1339.25488300 7573.75585900
1340.34277300 7432.24023400
1341.43066400 7521.45703100
1342.51757800 7421.42236300
1343.60546900 7379.06787100
1344.69238300 7415.21191400
1345.77929700 7472.15869100
1346.86621100 7536.05859400
1347.95214800 7602.29443400
1349.03906300 7372.72363300
1350.12500000 7570.71728500
1351.21093800 7535.26513700
1352.29589800 7393.41748000
1353.38183600 7457.37597700
1354.46679700 7456.58007800
1355.55175800 7451.15576200
1356.63671900 7362.40673800
1357.72070300 7389.36914100
1358.80468800 7370.03320300
1359.88867200 7350.68896500
1360.97265600 7512.01318400
1362.05664100 7446.35205100
1363.13964800 7528.97168000
1364.22265600 7595.39941400
1365.30566400 7476.39306600
1366.38867200 7477.91210900
1367.47070300 7407.53515600
1368.55371100 7592.29394500
1369.63574200 7642.55810500
1370.71679700 7525.75781300
1371.79882800 7476.22119100
1372.87988300 7603.10253900
1373.96093800 7632.50927700
1375.04199200 7613.15478500
1376.12304700 7619.34423800
1377.20312500 7616.24218800
1378.28418000 7534.12500000
1379.36425800 7486.83984400
1380.44335900 7495.33154300
1381.52343800 7459.64502000
1382.60253900 7407.66210900
1383.68164100 7458.01416000
1384.76074200 7559.57373000
1385.83984400 7433.10742200
1386.91796900 7555.65136700
1387.99707000 7501.30419900
1389.07519500 7621.58154300
1390.15234400 7441.45410200
1391.23046900 7522.16406300
1392.30761700 7556.30517600
1393.38476600 7583.46826200
1394.46191400 7522.06445300
1395.53906300 7421.00048800
1396.61523400 7536.76367200
1397.69140600 7538.28613300
1398.76757800 7658.78418000
1399.84375000 7548.33056600
1400.91992200 7701.55127000
1401.99511700 7542.04052700
1403.07031300 7550.56640600
1404.14550800 7521.73193400
1405.22070300 7588.64843800
1406.29492200 7716.33105500
1407.36914100 7703.86669900
1408.44335900 7742.81347700
1409.51757800 7681.25927700
1410.59082000 7708.52539100
1411.66503900 7904.17480500
1412.73828100 7896.41064500
1413.81152300 8110.89062500
1414.88378900 8316.09765600
1415.95703100 8446.49316400
1417.02929700 8469.26074200
1418.10156300 8246.19531300
1419.17382800 8247.85449200
1420.24511700 8209.69433600
1421.31738300 7986.44043000
1422.38867200 7976.33007800
1423.45996100 7989.65136700
1424.53027300 7981.87988300
1425.60156300 8103.06005900
1426.67187500 8233.66796900
1427.74218800 8221.24804700
1428.81250000 8187.70800800
1429.88183600 8093.14404300
1430.95214800 8406.91796900
1432.02148400 8554.14648400
1433.09082000 9084.14746100
1434.15918000 9156.42089800
1435.22851600 9559.91406300
1436.29687500 10233.74316400
1437.36523400 10491.92382800
1438.43359400 10693.80078100
1439.50097700 10705.34570300
1440.56933600 10230.19140600
1441.63671900 9808.93359400
1442.70410200 9462.77636700
1443.77148400 9060.01660200
1444.83789100 9024.17968800
1445.90429700 8960.08496100
1446.97070300 8808.86425800
1448.03710900 8996.63281300
1449.10351600 9005.49609400
1450.16894500 8986.09765600
1451.23437500 8815.91015600
1452.29980500 8954.34277300
1453.36523400 8871.28418000
1454.43066400 9106.43359400
1455.49511700 9153.05078100
1456.55957000 9218.55175800
1457.62402300 9489.29003900
1458.68847700 9460.51367200
1459.75195300 9360.93359400
1460.81543000 9405.28418000
1461.87890600 9324.53710900
1462.94238300 9085.56250000
1464.00585900 9136.96679700
1465.06835900 9110.44335900
1466.13085900 9020.12011700
1467.19335900 8847.05468800
1468.25585900 8690.46484400
1469.31738300 8481.80468800
1470.37988300 8507.13769500
1471.44140600 8381.12695300
1472.50195300 8328.39160200
1473.56347700 8171.53857400
1474.62402300 8125.83789100
1475.68554700 8177.15576200
1476.74609400 8152.74169900
1477.80566400 8133.05273400
1478.86621100 8004.41943400
1479.92578100 8084.17480500
1480.98535200 7927.05029300
1482.04492200 7741.42724600
1483.10449200 8041.59082000
1484.16308600 8076.37451200
1485.22265600 7888.29785200
1486.28125000 7885.12011700
1487.33984400 7763.34326200
1488.39746100 7767.25537100
1489.45605500 7861.33740200
1490.51367200 7779.82861300
1491.57128900 7862.08056600
1492.62793000 7908.74951200
1493.68554700 7815.32617200
1494.74218800 7942.76074200
1495.79882800 7683.00683600
1496.85546900 7796.20800800
1497.91210900 7914.20605500
1498.96777300 7737.48877000
1500.02441400 7872.16406300
1501.08007800 7871.34326200
1502.13476600 7811.05810500
1503.19043000 7826.87646500
1504.24511700 7933.11962900
1505.30078100 7851.38964800
1506.35546900 7779.14843800
1507.40918000 8002.10595700
1508.46386700 7853.66162100
1509.51757800 7721.83105500
1510.57128900 7825.79296900
1511.62500000 7832.10302700
1512.67871100 7762.15185500
1513.73144500 7808.97314500
1514.78515600 7991.70947300
1515.83789100 7871.66894500
1516.89062500 7820.74853500
1517.94238300 7750.72265600
1518.99511700 7847.69140600
1520.04687500 7932.76513700
1521.09863300 7893.74902300
1522.15039100 7938.27734400
1523.20117200 8018.64160200
1524.25195300 8108.59033200
1525.30371100 7935.79882800
1526.35449200 7758.16015600
1527.40429700 7831.38037100
1528.45507800 7797.06640600
1529.50488300 7848.80468800
1530.55468800 7998.60253900
1531.60449200 7751.43945300
1532.65429700 7822.33496100
1533.70312500 7828.65673800
1534.75195300 7870.87646500
1535.80078100 7793.43457000
1536.84960900 7811.72265600
1537.89843800 7820.43896500
1538.94628900 7924.95703100
1539.99414100 7749.24902300
1541.04199200 8035.88232400
1542.08984400 8020.68310500
1543.13769500 7811.33300800
1544.18457000 7736.14990200
1545.23144500 7809.59912100
1546.27832000 7914.25439500
1547.32519500 7937.39306600
1548.37109400 7943.74560500
1549.41796900 7947.70068400
1550.46386700 7999.65918000
1551.50878900 7998.82373000
1552.55468800 8002.79003900
1553.60058600 7843.45166000
1554.64550800 8044.35302700
1555.69043000 7995.47363300
1556.73535200 7920.14209000
1557.77929700 7876.02490200
1558.82421900 7978.52734400
1559.86816400 8035.38623000
1560.91210900 7909.49951200
1561.95605500 7988.01367200
1562.99902300 7773.05322300
1564.04296900 7921.35107400
1565.08593800 7862.72900400
1566.12890600 7943.70019500
1567.17089800 7971.73388700
1568.21386700 8055.16455100
1569.25585900 7902.58496100
1570.29785200 8070.35058600
1571.33984400 8009.27587900
1572.38183600 8059.03613300
1573.42382800 8053.37451200
1574.46484400 8035.65576200
1575.50585900 7947.99853500
1576.54687500 8154.55517600
1577.58691400 8134.43115200
1578.62793000 7984.00683600
1579.66796900 7973.49365200
1580.70800800 8016.07812500
1581.74804700 7998.32324200
1582.78808600 7987.80468800
1583.82714800 8117.36132800
1584.86621100 8203.48535200
1585.90527300 8004.54345700
1586.94433600 8165.59179700
1587.98339800 7954.47851600
1589.02148400 8014.04296900
1590.05957000 8042.19677700
1591.09765600 7983.29638700
1592.13574200 8115.46728500
1593.17285200 7933.16845700
1594.21093800 8174.27294900
1595.24804700 8154.07519500
1596.28515600 7978.93847700
1597.32226600 8072.49316400
1598.35839800 8035.31005900
1599.39453100 8109.53320300
1600.43164100 8096.56787100
1601.46777300 8078.75097700
1602.50293000 8220.88476600
1603.53906300 8266.11035200
1604.57421900 8185.27539100
1605.60937500 8082.58398400
1606.64453100 8333.97265600
1607.67968800 8219.13964800
1608.71386700 8140.65673800
1609.74804700 8171.35400400
1610.78222700 7959.32568400
1611.81640600 7936.58593800
1612.85058600 8302.36523400
1613.88378900 8126.66894500
1614.91796900 8213.26171900
1615.95117200 8251.29394500
1616.98437500 8080.34472700
1618.01660200 8293.37109400
1619.04980500 8358.18066400
1620.08203100 8216.33007800
1621.11425800 8232.50781300
1622.14648400 8297.34179700
1623.17773400 8228.38476600
1624.20996100 8281.07421900
1625.24121100 8260.76562500
1626.27246100 8228.27636700
1627.30371100 8088.63964800
1628.33398400 8048.79736300
1629.36523400 8267.13476600
1630.39550800 8439.26660200
1631.42578100 8316.61718800
1632.45605500 8262.16308600
1633.48535200 8117.49169900
1634.51562500 8336.04980500
1635.54492200 8362.04003900
1636.57421900 8166.08203100
1637.60351600 8172.53222700
1638.63183600 8244.86425800
1639.66015600 8226.92578100
1640.68945300 8248.03515600
1641.71777300 8271.59277300
1642.74511700 8307.36914100
1643.77343800 8308.96582000
1644.80078100 8293.46191400
1645.82812500 8236.41503900
1646.85546900 8098.70068400
1647.88281300 8337.34765600
1648.91015600 8336.50293000
1649.93652300 8301.42578100
1650.96289100 8388.61621100
1651.98925800 8258.13476600
1653.01562500 8521.50488300
1654.04101600 8496.22070300
1655.06738300 8355.89257800
1656.09277300 8262.02246100
1657.11816400 8290.53906300
1658.14257800 8434.16601600
1659.16796900 8215.33496100
1660.19238300 8229.15820300
1661.21679700 8365.50390600
1662.24121100 8345.04785200
1663.26562500 8226.53222700
1664.29003900 8264.88378900
1665.31347700 8393.98144500
1666.33691400 8329.36425800
1667.36035200 8286.80078100
1668.38378900 8342.36621100
1669.40625000 8444.58007800
1670.42968800 8316.10253900
1671.45214800 8506.73046900
1672.47460900 8289.81640600
1673.49609400 8367.53613300
1674.51855500 8403.52539100
1675.54003900 8432.15722700
1676.56152300 8195.40039100
1677.58300800 8376.38964800
1678.60449200 8333.73925800
1679.62500000 8227.14355500
1680.64648400 8275.43945300
1681.66699200 8476.25781300
1682.68750000 8381.92773400
1683.70800800 8395.83007800
1684.72753900 8530.33398400
1685.74707000 8367.03222700
1686.76757800 8176.58544900
1687.78613300 8320.97265600
1688.80566400 8263.44628900
1689.82519500 8272.41210900
1690.84375000 8375.01074200
1691.86230500 8398.78710900
1692.88085900 8222.91406300
1693.89941400 8244.20312500
1694.91699200 8319.74902300
1695.93554700 8141.29248000
1696.95312500 8226.71289100
1697.97070300 8203.60644500
1698.98828100 8385.31152300
1700.00488300 8265.96582000
1701.02148400 8158.91796900
1702.03906300 8187.63037100
1703.05566400 8349.71191400
1704.07128900 8311.77929700
1705.08789100 8352.88769500
1706.10351600 8450.84570300
1707.11914100 8341.23535200
1708.13476600 8310.68554700
1709.15039100 8225.73046900
1710.16601600 8135.79736300
1711.18066400 8308.00488300
1712.19531300 8329.37304700
1713.20996100 8407.65918000
1714.22460900 8520.62011700
1715.23925800 8383.62500000
1716.25293000 8476.81738300
1717.26660200 8535.37890600
1718.28027300 8319.05371100
1719.29394500 8357.79003900
1720.30664100 8560.06054700
1721.32031300 8482.38671900
1722.33300800 8543.48046900
1723.34570300 8458.33593800
1724.35839800 8365.72070300
1725.37011700 8280.50878900
1726.38281300 8324.24609400
1727.39453100 8444.90625000
1728.40625000 8424.17480500
1729.41796900 8415.84375000
1730.42968800 8467.08496100
1731.44043000 8518.34375000
1732.45117200 8400.76269500
1733.46191400 8459.47949200
1734.47265600 8518.21777300
1735.48339800 8579.46191400
1736.49316400 8613.39355500
1737.50390600 8500.68750000
1738.51367200 8328.27343800
1739.52246100 8240.33496100
1740.53222700 8520.43750000
1741.54199200 8323.05273400
1742.55078100 8314.67578100
1743.55957000 8517.80957000
1744.56835900 8531.86621100
1745.57714800 8331.84277300
1746.58496100 8699.42187500
1747.59277300 8397.25195300
1748.60058600 8411.29296900
1749.60839800 8465.19921900
1750.61621100 8479.25781300
1751.62402300 8515.75195300
1752.63085900 8674.39746100
1753.63769500 8446.66992200
1754.64453100 8555.49023400
1755.65136700 8609.48242200
1756.65722700 8608.61425800
1757.66406300 8610.24121100
1758.66992200 8604.38085900
1759.67578100 8748.27441400
1760.68066400 8592.65234400
1761.68652300 8536.84668000
1762.69140600 8481.01953100
1763.69726600 8540.07031300
1764.70214800 8646.61132800
1765.70605500 8700.71777300
1766.71093800 8609.88769500
1767.71484400 8471.52832000
1768.71972700 8625.63867200
1769.72363300 8609.76171900
1770.72656300 8723.93652300
1771.73046900 8507.94335900
1772.73437500 8574.60253900
1773.73730500 8588.73242200
1774.74023400 8725.51464800
1775.74316400 8674.58691400
1776.74511700 8721.29394500
1777.74804700 8680.36328100
1778.75000000 8629.39648400
1779.75195300 8470.67968800
1780.75390600 8705.32031300
1781.75585900 8508.96191400
1782.75683600 8623.37109400
1783.75878900 8670.12695300
1784.75976600 8704.36230500
1785.76074200 8859.00293000
1786.76074200 8725.20312500
1787.76171900 8686.70019500
1788.76171900 8625.59668000
1789.76171900 8559.44824200
1790.76171900 8741.82226600
1791.76171900 8781.13476600
1792.76171900 8720.00000000
1793.76074200 8759.32226600
1794.75976600 8753.43457000
1795.75878900 8521.37988300
1796.75781300 8817.05371100
1797.75683600 8677.93554700
1798.75488300 8661.96875000
1799.75293000 8628.39257800
1800.75097700 8682.83789100
1801.74902300 8835.41894500
1802.74707000 8794.30566400
1803.74414100 8662.57421900
1804.74218800 8729.65234400
1805.73925800 8567.64648400
1806.73535200 8561.70410200
1807.73242200 8661.54199200
1808.72949200 8673.24804700
1809.72558600 8735.34960900
1810.72168000 8769.75390600
1811.71777300 8784.00585900
1812.71386700 8833.55761700
1813.70898400 8560.37988300
1814.70507800 8617.47265600
1815.70019500 8778.00585900
1816.69531300 8671.17285200
1817.68945300 8766.16796900
1818.68457000 8449.81347700
1819.67871100 8721.50390600
1820.67382800 8786.26464800
1821.66796900 8633.87597700
1822.66113300 8739.05468800
1823.65527300 8561.33691400
1824.64843800 8664.01464800
1825.64257800 8635.31738300
1826.63574200 8854.31835900
1827.62890600 8709.35253900
1828.62109400 8685.70410200
1829.61425800 8596.29101600
1830.60644500 8653.55761700
1831.59863300 8829.75585900
1832.59082000 8755.50097700
1833.58300800 8597.69628900
1834.57421900 8609.43847700
1835.56640600 8712.33398400
1836.55761700 8711.43945300
1837.54882800 8743.47168000
1838.53906300 8831.24902300
1839.53027300 8726.48925800
1840.52050800 8816.83007800
1841.51171900 8704.42285200
1842.50195300 8739.01757800
1843.49121100 8842.08886700
1844.48144500 8683.97070300
1845.47070300 8609.50293000
1846.46093800 8758.27636700
1847.45019500 8795.45019500
1848.43847700 8784.41308600
1849.42773400 8598.20800800
1850.41699200 8739.47363300
1851.40527300 8842.69824200
1852.39355500 8724.97949200
1853.38183600 8975.58886700
1854.37011700 8860.39160200
1855.35742200 8801.06250000
1856.34472700 8756.96191400
1857.33300800 8771.32031300
1858.31933600 8816.19824200
1859.30664100 8850.91992200
1860.29394500 9015.39062500
1861.28027300 8841.52734400
1862.26660200 8774.47949200
1863.25293000 8959.38964800
1864.23925800 8810.87500000
1865.22558600 8906.74218800
1866.21093800 8910.96386700
1867.19628900 8831.12890600
1868.18164100 9008.57910200
1869.16699200 8903.25097700
1870.15234400 8953.34960900
1871.13671900 8911.69824200
1872.12207000 9023.00683600
1873.10644500 8884.45019500
1874.09082000 8952.43554700
1875.07519500 8780.64941400
1876.05859400 8718.51367200
1877.04199200 8755.88085900
1878.02636700 8920.88671900
1879.00878900 8932.77636700
1879.99218800 8944.67089800
1880.97558600 8785.45800800
1881.95800800 8991.46191400
1882.94043000 8737.66699200
1883.92285200 8767.41992200
1884.90527300 9060.43457000
1885.88769500 9085.14648400
1886.86914100 9022.93652300
1887.85156300 9004.17675800
1888.83300800 9064.70019500
1889.81445300 8961.51855500
1890.79492200 8999.02734400
1891.77636700 9095.41210900
1892.75683600 9040.81152300
1893.73730500 9073.23632800
1894.71777300 9064.70214800
1895.69824200 8966.52539100
1896.67773400 9001.51464800
1897.65820300 9059.57617200
1898.63769500 9163.78613300
1899.61718800 9078.36816400
1900.59668000 9236.45410200
1901.57519500 9127.94140600
1902.55468800 8927.06445300
1903.53320300 8951.83203100
1904.51171900 9007.39355500
1905.49023400 9042.44921900
1906.46875000 9090.34960900
1907.44628900 8958.58203100
1908.42382800 9381.32714800
1909.40136700 9054.40429700
1910.37890600 9074.09082000
1911.35644500 8960.20312500
1912.33398400 9056.95800800
1913.31054700 9313.08007800
1914.28710900 9348.25097700
1915.26367200 9177.77050800
1916.24023400 9071.50781300
1917.21582000 9299.53613300
1918.19238300 9154.67187500
1919.16796900 9213.00000000
1920.14355500 9196.72558600
1921.11914100 9062.05468800
1922.09472700 9177.03027300
1923.06933600 9132.41894500
1924.04394500 9193.37207000
1925.01855500 9115.26269500
1925.99316400 9372.02343800
1926.96777300 9278.45800800
1927.94238300 9081.77246100
1928.91601600 9320.62793000
1929.88964800 9281.13964800
1930.86328100 9244.21484400
1931.83691400 9318.17675800
1932.80957000 9245.13085900
1933.78320300 9329.44043000
1934.75585900 9248.62695300
1935.72851600 9283.92968800
1936.70117200 9275.35937500
1937.67285200 9207.39941400
1938.64550800 9247.87890600
1939.61718800 9321.95214800
1940.58886700 9070.53710900
1941.56054700 9235.04199200
1942.53222700 9236.79101600
1943.50293000 9437.57910200
1944.47460900 9302.33886700
1945.44531300 9213.59375000
1946.41601600 9329.14062500
1947.38574200 9173.10742200
1948.35644500 9270.57812500
1949.32617200 9264.57128900
1950.29687500 9126.55566400
1951.26660200 9514.02441400
1952.23535200 9324.21679700
1953.20507800 9364.83300800
1954.17382800 9265.58593800
1955.14355500 9391.70214800
1956.11230500 9261.32812500
1957.08105500 9384.89941400
1958.04882800 9373.71875000
1959.01757800 9380.68359400
1959.98535200 9369.49804700
1960.95312500 9420.55859400
1961.92089800 9339.33203100
1962.88867200 9234.72070300
1963.85546900 9228.68945300
1964.82324200 9157.76269500
1965.79003900 9188.06152300
1966.75683600 9293.67675800
1967.72363300 9503.22168000
1968.68945300 9167.32617200
1969.65625000 9514.63085900
1970.62207000 9292.95312500
1971.58789100 9338.90722700
1972.55371100 9442.07226600
1973.51953100 9462.07128900
1974.48437500 9482.07714800
1975.44921900 9382.43652300
1976.41406300 9457.07031300
1977.37890600 9344.37695300
1978.34375000 9325.33593800
1979.30859400 9410.41406300
1980.27246100 9302.85449200
1981.23632800 9445.25293000
1982.20019500 9407.98437500
1983.16406300 9386.33203100
1984.12793000 9356.85546900
1985.09082000 9319.54882800
1986.05371100 9579.38476600
1987.01660200 9450.85644500
1987.97949200 9330.10253900
1988.94238300 9438.81835900
1989.90429700 9307.58105500
1990.86621100 9398.07031300
1991.82910200 9415.52441400
1992.79003900 9383.39257800
1993.75195300 9708.90429700
1994.71386700 9355.64843800
1995.67480500 9396.61230500
1996.63574200 9424.53222700
1997.59668000 9447.23730500
1998.55761700 9407.23535200
1999.51855500 9539.71777300
2000.47851600 9567.68652300
2001.43847700 9467.54980500
2002.39843800 9438.78906300
