2458.87304700 11590.38378900
2459.77343800 11634.44335900
2460.67382800 11806.79589800
2461.57421900 11505.06640600
2462.47363300 11657.93261700
2463.37402300 11601.59375000
2464.27343800 11771.28320300
2465.17285200 11661.91113300
2466.07226600 11594.37500000
2466.97070300 11604.99804700
2467.87011700 11646.34765600
2468.76855500 11562.00781300
2469.66699200 11555.86816400
2470.56543000 11560.90332000
2471.46386700 11535.19628900
2472.36132800 11953.97851600
2473.25976600 11710.23828100
2474.15722700 11617.42480500
2475.05468800 11675.62597700
2475.95214800 11722.65820300
2476.84863300 11517.86035200
2477.74609400 11606.86425800
2478.64257800 11519.54003900
2479.53906300 11684.17675800
2480.43554700 11795.66894500
2481.33203100 11736.34082000
2482.22851600 11761.03808600
2483.12402300 11558.77246100
2484.01953100 11569.43066400
2484.91503900 11594.11035200
2485.81054700 11635.62109400
2486.70605500 11587.41113300
2487.60156300 11805.64355500
2488.49609400 11715.36718800
2489.39062500 11703.62207000
2490.28515600 11635.74218800
2491.17968800 11702.57421900
2492.07421900 11673.97460900
2492.96777300 11575.16015600
2493.86132800 11633.59375000
2494.75488300 11509.45019500
2495.64843800 11626.89941400
2496.54199200 11676.94628900
2497.43554700 11746.68945300
2498.32812500 11808.02539100
2499.22070300 11801.89843800
2500.11328100 11708.58007800
2501.00585900 11848.71093800
2501.89843800 11744.11035200
2502.79003900 11715.45214800
2503.68261700 11644.56250000
2504.57421900 11570.82910200
2505.46582000 11696.99121100
2506.35742200 11597.89160200
2507.24804700 11541.00781300
2508.13964800 11943.35253900
2509.03027300 11407.44628900
2509.92089800 11635.16992200
2510.81152300 11550.05664100
2511.70117200 11639.73242200
2512.59179700 11467.15918000
2513.48144500 11539.92871100
2514.37109400 11807.40039100
2515.26074200 11741.99121100
2516.15039100 11797.92187500
2517.04003900 11517.93554700
2517.92871100 11650.08105500
2518.81835900 11850.05859400
2519.70703100 11891.93164100
2520.59570300 11899.91796900
2521.48339800 11673.36621100
2522.37207000 11788.71386700
2523.25976600 11675.12695300
2524.14843800 11878.17187500
2525.03613300 11710.82617200
2525.92285200 11803.64257800
2526.81054700 11834.25585900
2527.69824200 11811.11621100
2528.58496100 11949.29101600
2529.47168000 11818.59472700
2530.35839800 11588.74902300
2531.24511700 11792.09570300
2532.13085900 11873.72656300
2533.01757800 11754.24316400
2533.90332000 11835.89843800
2534.78906300 11960.09765600
2535.67480500 11823.55273400
2536.56054700 11644.42480500
2537.44531300 11825.37597700
2538.33105500 11935.48828100
2539.21582000 11906.63476600
2540.10058600 11818.18164100
2540.98535200 11922.68066400
2541.86914100 11936.38574200
2542.75390600 11918.86523400
2543.63769500 11980.85058600
2544.52148400 11773.03125000
2545.40527300 11928.75976600
2546.28906300 11774.83593800
2547.17187500 11842.52441400
2548.05566400 11972.77539100
2548.93847700 11932.49218800
2549.82128900 12000.25097700
2550.70410200 12079.41406300
2551.58593800 11768.87304700
2552.46875000 12106.94726600
2553.35058600 11878.81933600
2554.23242200 11821.38964800
2555.11425800 11889.20605500
2555.99609400 12210.48535200
2556.87793000 12150.23828100
2557.75878900 12183.97460900
2558.63964800 11815.97558600
2559.52050800 11883.85742200
2560.40136700 12225.40429700
2561.28222700 11612.01074200
2562.16210900 12073.40332000
2563.04296900 11987.37597700
2563.92285200 12038.24121100
2564.80273400 12000.67578100
2565.68261700 11880.33593800
2566.56152300 12071.07324200
2567.44140600 12124.84960900
2568.32031300 12078.70507800
2569.19921900 12126.79101600
2570.07812500 12063.48828100
2570.95703100 12048.73144500
2571.83593800 12065.40429700
2572.71386700 12067.79199200
2573.59179700 12133.07617200
2574.46972700 12149.77441400
2575.34765600 12175.05957000
2576.22558600 12208.93554700
2577.10253900 12148.40722700
2577.98046900 12233.80175800
2578.85742200 12196.15234400
2579.73437500 12147.03613300
2580.61132800 12146.57812500
2581.48730500 12254.95019500
2582.36425800 12268.83593800
2583.24023400 12480.41894500
2584.11621100 12127.54687500
2584.99218800 12227.40136700
2585.86816400 12138.08496100
2586.74316400 12177.76562500
2587.61816400 12489.91699200
2588.49414100 12409.20410200
2589.36914100 12087.45605500
2590.24414100 12465.77636700
2591.11816400 12362.04785200
2591.99316400 12223.82910200
2592.86718800 12435.86035200
2593.74121100 12329.19238300
2594.61523400 12391.95800800
2595.48925800 12394.41406300
2596.36230500 12304.91406300
2597.23632800 12359.08886700
2598.10937500 12416.16015600
2598.98242200 12231.72363300
2599.85546900 12242.77636700
2600.72851600 12486.82812500
2601.60058600 12670.55761700
2602.47363300 12460.12597700
2603.34570300 12272.63476600
2604.21777300 12341.28027300
2605.08984400 12194.00097700
2605.96093800 12395.13281300
2606.83300800 12374.54687500
2607.70410200 12382.76269500
2608.57519500 12390.98144500
2609.44628900 12647.07128900
2610.31738300 12280.58496100
2611.18750000 12372.40429700
2612.05859400 12536.35644500
2612.92871100 12215.78027300
2613.79882800 12495.16796900
2614.66894500 12344.70800800
2615.53906300 12350.04296900
2616.40820300 12317.85058600
2617.27832000 12288.53320300
2618.14746100 12285.19433600
2619.01660200 12218.30664100
2619.88574200 12246.73144500
2620.75390600 12474.55175800
2621.62304700 12387.42968800
2622.49121100 12551.76953100
2623.35937500 12484.86718800
2624.22753900 12255.98828100
2625.09570300 12269.98925800
2625.96289100 12301.35351600
2626.83105500 12179.36621100
2627.69824200 12251.24316400
2628.56543000 12430.25585900
2629.43261700 12235.83496100
2630.29980500 12304.86914100
2631.16601600 12243.58593800
2632.03320300 12495.16406300
2632.89941400 12349.86035200
2633.76562500 12575.47460900
2634.63183600 12253.30078100
2635.49707000 12293.42285200
2636.36328100 12304.56054700
2637.22851600 12452.02734400
2638.09375000 12518.32128900
2638.95898400 12381.52148400
2639.82421900 12450.72949200
2640.68945300 12360.30664100
2641.55371100 12147.90429700
2642.41796900 12321.64843800
2643.28222700 12475.12890600
2644.14648400 12079.59765600
2645.01074200 12140.10644500
2645.87402300 12427.33007800
2646.73828100 12249.56738300
2647.60156300 12205.47656300
2648.46484400 12565.58398400
2649.32812500 12309.20898400
2650.19140600 12419.28808600
2651.05371100 12267.53222700
2651.91601600 12534.80371100
2652.77832000 12514.00097700
2653.64062500 12394.19824200
2654.50293000 12521.87304700
2655.36523400 12774.84179700
2656.22656300 12401.56835900
2657.08886700 12438.99121100
2657.95019500 12187.90527300
2658.81152300 12630.47753900
2659.67187500 12309.35546900
2660.53320300 12454.68359400
2661.39355500 12652.56835900
2662.25488300 12462.53515600
2663.11523400 12491.26464800
2663.97460900 12476.22753900
2664.83496100 12437.83300800
2665.69531300 12200.89160200
2666.55468800 12270.47070300
2667.41406300 12471.50976600
2668.27343800 12409.71093800
2669.13281300 12432.62109400
2669.99218800 12250.96679700
2670.85058600 12382.00585900
2671.70898400 12612.50000000
2672.56835900 12369.36328100
2673.42675800 12866.09863300
2674.28418000 12596.58691400
2675.14257800 12604.93164100
2676.00000000 12551.82226600
2676.85839800 12364.04492200
2677.71582000 12609.48828100
2678.57324200 12278.16210900
2679.42968800 12473.89453100
2680.28710900 12403.12597700
2681.14355500 12127.23046900
2682.00000000 12478.36718800
2682.85742200 12668.42871100
2683.71289100 12442.25878900
2684.56933600 12444.71875000
2685.42578100 12752.20019500
2686.28125000 12693.11816400
2687.13671900 12645.74902300
2687.99218800 12601.29394500
2688.84765600 12533.33984400
2689.70312500 12600.40429700
2690.55761700 12823.12207000
2691.41210900 12432.10546900
2692.26757800 12540.31250000
2693.12207000 12754.33398400
2693.97558600 12856.76855500
2694.83007800 12759.37304700
2695.68359400 12732.49511700
2696.53808600 12564.46484400
2697.39160200 12505.18457000
2698.24511700 12637.08398400
2699.09765600 12651.34765600
2699.95117200 12621.47460900
2700.80371100 12553.32617200
2701.65722700 12738.32714800
2702.50976600 12634.83886700
2703.36230500 12563.70605500
2704.21386700 12760.59863300
2705.06640600 12627.58886700
2705.91796900 12718.48437500
2706.77050800 12939.10156300
2707.62207000 12738.24218800
2708.47265600 12793.82910200
2709.32421900 12911.36816400
2710.17578100 12937.51269500
2711.02636700 12842.70312500
2711.87695300 12868.84179700
2712.72753900 12661.82324200
2713.57812500 12717.45605500
2714.42871100 13091.99414100
2715.27832000 12997.11816400
2716.12793000 13094.20019500
2716.97851600 12742.25390600
2717.82812500 12860.00781300
2718.67675800 12862.54003900
2719.52636700 12788.21386700
2720.37597700 12906.04394500
2721.22460900 13009.13281300
2722.07324200 13073.80957000
2722.92187500 12801.24609400
2723.77050800 12874.78222700
2724.61816400 13202.87500000
2725.46679700 12859.12890600
2726.31445300 13134.05078100
2727.16210900 13118.86621100
2728.00976600 13156.99023400
2728.85742200 12895.91210900
2729.70410200 12794.73925800
2730.55175800 12951.36718800
2731.39843800 12930.19824200
2732.24511700 12894.19726600
2733.09179700 12712.87304700
2733.93847700 12745.03222700
2734.78418000 12848.40136700
2735.63085900 12761.90918000
2736.47656300 12767.38378900
2737.32226600 12947.99316400
2738.16796900 12698.17578100
2739.01269500 12950.10937500
2739.85839800 12572.47753900
2740.70312500 12586.82910200
2741.54882800 12672.49511700
2742.39355500 12835.46191400
2743.23730500 12546.68164100
2744.08203100 12882.12207000
2744.92675800 12637.83984400
2745.77050800 12670.06054700
2746.61425800 12961.09765600
2747.45800800 12776.19238300
2748.30175800 12829.28808600
2749.14550800 12930.02832000
2749.98828100 12640.80566400
2750.83203100 12482.48730500
2751.67480500 12857.21777300
2752.51757800 12663.13183600
2753.36035200 12722.22168000
2754.20214800 12703.85351600
2755.04492200 12661.63183600
2755.88671900 12637.28027300
2756.72851600 12726.22558600
2757.57031300 12707.83984400
2758.41210900 12486.60644500
2759.25390600 12581.53906300
2760.09472700 12527.30175800
2760.93554700 12687.94140600
2761.77734400 12633.70312500
2762.61718800 12645.13085900
2763.45800800 12743.16992200
2764.29882800 12703.84179700
2765.13867200 12577.85839800
2765.97949200 12613.18652300
2766.81933600 12830.84277300
2767.65918000 12809.43457000
2768.49902300 12940.50488300
2769.33789100 12748.64746100
2770.17773400 12867.79101600
2771.01660200 12846.36914100
2771.85546900 12624.45605500
2772.69433600 12863.35644500
2773.53320300 12940.70312500
2774.37109400 12706.69921900
2775.20996100 12577.41406300
2776.04785200 12846.44140600
2776.88574200 12651.22363300
2777.72363300 12842.46289100
2778.56152300 12695.11816400
2779.39941400 12736.56054700
2780.23632800 12879.95507800
2781.07324200 12930.44433600
2781.91015600 12681.02246100
2782.74707000 12773.48925800
2783.58398400 12941.00195300
2784.42089800 12763.45898400
2785.25683600 12684.89941400
2786.09375000 12684.36718800
2786.92968800 12602.75683600
2787.76562500 12578.17871100
2788.60058600 12778.88769500
2789.43652300 12796.39648400
2790.27148400 12585.52050800
2791.10742200 12702.18554700
2791.94238300 12563.35839800
2792.77734400 12839.42773400
2793.61230500 12799.81835900
2794.44628900 12657.91796900
2795.28125000 12855.93945300
2796.11523400 12822.32617200
2796.94921900 12824.81640600
2797.78320300 12598.51562500
2798.61718800 12634.08300800
2799.45019500 12991.89941400
2800.28418000 12834.77734400
2801.11718800 12825.21679700
2801.95019500 12887.97070300
2802.78320300 12809.09570300
2803.61621100 12733.20214800
2804.44921900 12783.91308600
2805.28125000 12840.67285200
2806.11328100 12728.54394500
2806.94628900 12815.48242200
2807.77832000 12959.78320300
2808.60937500 12748.01562500
2809.44140600 12795.76367200
2810.27246100 13130.34960900
2811.10449200 12993.98339800
2811.93554700 12893.80664100
2812.76660200 12775.46582000
2813.59765600 12983.39941400
2814.42773400 13103.77246100
2815.25878900 12828.22168000
2816.08886700 12912.33007800
2816.91894500 12812.01660200
2817.74902300 13011.08007800
2818.57910200 12813.94433600
2819.40918000 12931.39355500
2820.23828100 12936.91796900
2821.06835900 13084.70117200
2821.89746100 13005.49023400
2822.72656300 12811.18554700
2823.55566400 13277.02148400
2824.38378900 13352.28320300
2825.21289100 13148.84082000
2826.04101600 13502.88867200
2826.86914100 13187.25390600
2827.69726600 13207.98632800
2828.52539100 13128.66796900
2829.35351600 13422.32910200
2830.18164100 13176.19433600
2831.00878900 13539.75390600
2831.83593800 13788.14550800
2832.66308600 13781.69726600
2833.49023400 13981.66113300
2834.31738300 13862.90820300
2835.14355500 14278.56835900
2835.97070300 14500.00195300
2836.79687500 14445.07226600
2837.62304700 14715.23535200
2838.44921900 15170.88281300
2839.27539100 15502.08007800
2840.10058600 15979.33398400
2840.92675800 15784.75390600
2841.75195300 16326.11132800
2842.57714800 16298.83007800
2843.40234400 16688.36523400
2844.22753900 16582.01757800
2845.05175800 16773.91210900
2845.87695300 16777.13281300
2846.70117200 16746.86132800
2847.52539100 16509.48242200
2848.34960900 16174.53906300
2849.17382800 16397.00000000
2849.99707000 16442.80664100
2850.82128900 16159.46679700
2851.64453100 16232.67773400
2852.46777300 15970.52929700
2853.29101600 15967.49023400
2854.11425800 15540.48046900
2854.93750000 15717.34863300
2855.75976600 15552.53710900
2856.58300800 15671.48828100
2857.40527300 15497.44433600
2858.22753900 15372.18261700
2859.04980500 15219.38867200
2859.87109400 15118.45703100
2860.69335900 15216.04785200
2861.51464800 15197.57128900
2862.33691400 15130.18945300
2863.15820300 15194.21386700
2863.97949200 15181.83203100
2864.79980500 15001.26953100
2865.62109400 15117.29296900
2866.44140600 15190.53613300
2867.26171900 15352.53125000
2868.08300800 15122.89648400
2868.90234400 15373.69726600
2869.72265600 15232.75293000
2870.54296900 15241.78418000
2871.36230500 15808.17578100
2872.18261700 15829.56933600
2873.00195300 15921.43164100
2873.82128900 16007.20019500
2874.63964800 16096.06445300
2875.45898400 16313.70507800
2876.27832000 16500.76953100
2877.09668000 17331.86914100
2877.91503900 18120.34375000
2878.73339800 18746.53125000
2879.55175800 19461.93554700
2880.37011700 19542.36132800
2881.18750000 19008.93164100
2882.00585900 18588.88671900
2882.82324200 17711.16406300
2883.64062500 17192.43164100
2884.45800800 16685.78906300
2885.27441400 16412.45117200
2886.09179700 16117.49707000
2886.90820300 15926.92871100
2887.72558600 15542.61816400
2888.54199200 15763.87304700
2889.35839800 15536.22168000
2890.17382800 15293.10351600
2890.99023400 15354.45898400
2891.80664100 15403.52832000
2892.62207000 15144.85546900
2893.43750000 15412.45214800
2894.25293000 15301.46093800
2895.06835900 15138.07714800
2895.88378900 14919.19238300
2896.69824200 15008.27441400
2897.51269500 15137.44335900
2898.32812500 15195.78222700
2899.14257800 14825.70605500
2899.95605500 15035.06445300
2900.77050800 15096.49707000
2901.58496100 14812.54101600
2902.39843800 14883.20507800
2903.21191400 14771.87011700
2904.02636700 14731.46386700
2904.83886700 14715.73144500
2905.65234400 14749.38378900
2906.46582000 14705.85937500
2907.27832000 14575.85058600
2908.09179700 14597.13769500
2908.90429700 14667.85937500
2909.71679700 14312.20703100
2910.52929700 14203.65429700
2911.34082000 14512.34765600
2912.15332000 14648.02636700
2912.96484400 14496.18066400
2913.77636700 14384.48339800
2914.58789100 14430.50488300
2915.39941400 14430.13281300
2916.21093800 14572.10742200
2917.02246100 14246.77343800
2917.83300800 14283.51171900
2918.64355500 14490.55761700
2919.45410200 14202.18261700
2920.26464800 14266.80761700
2921.07519500 14102.20117200
2921.88574200 14315.56152300
2922.69531300 14175.69335900
2923.50585900 13905.58203100
2924.31543000 14249.23730500
2925.12500000 14354.25000000
2925.93457000 14263.90429700
2926.74316400 14294.50488300
2927.55273400 14259.96093800
2928.36132800 14054.72168000
2929.16992200 14190.82910200
2929.97949200 14280.41992200
2930.78710900 14189.95214800
2931.59570300 14074.60449200
2932.40429700 14297.78613300
2933.21191400 14297.36425800
2934.02050800 14160.21679700
2934.82812500 14085.17578100
2935.63574200 14041.19043000
2936.44335900 14155.75195300
2937.25000000 14186.39355500
2938.05761700 13856.25488300
2938.86425800 13858.85253900
2939.67089800 13967.23925800
2940.47753900 13527.94921900
2941.28418000 13651.87500000
2942.09082000 13822.54492200
2942.89746100 13697.46875000
2943.70312500 13690.69043000
2944.50878900 13465.86230500
2945.31543000 13530.69335900
2946.12109400 13477.13476600
2946.92578100 13196.03808600
2947.73144500 13173.56835900
2948.53710900 13400.51660200
2949.34179700 13381.19335900
2950.14648400 13446.07421900
2950.95117200 13301.96582000
2951.75585900 13260.76953100
2952.56054700 13113.44921900
2953.36425800 13365.60644500
2954.16894500 13349.37109400
2954.97265600 13264.43261700
2955.77636700 13426.18652300
2956.58007800 13285.00293000
2957.38378900 13328.09668000
2958.18750000 13243.08691400
2958.99023400 13392.45214800
2959.79394500 13526.24121100
2960.59668000 13178.58496100
2961.39941400 13512.52148400
2962.20214800 13505.65625000
2963.00488300 13320.47265600
2963.80664100 13463.75488300
2964.60937500 13078.20410200
2965.41113300 13424.94824200
2966.21289100 13461.88476600
2967.01464800 12982.17773400
2967.81640600 13213.21777300
2968.61816400 13293.98632800
2969.41894500 13064.61718800
2970.21972700 13013.77539100
2971.02148400 13223.05078100
2971.82226600 13175.35253900
2972.62304700 13049.25293000
2973.42285200 13136.34765600
2974.22363300 13298.74902300
2975.02441400 12996.92285200
2975.82421900 13262.90039100
2976.62402300 13058.23828100
2977.42382800 12941.38769500
2978.22363300 13022.27441400
2979.02343800 13266.47070300
2979.82226600 13278.35351600
2980.62207000 13177.15820300
2981.42089800 13104.20019500
2982.21972700 13326.59277300
2983.01855500 13206.49023400
2983.81738300 13130.35156300
2984.61523400 13371.73339800
2985.41406300 13292.45019500
2986.21191400 13370.39843800
2987.00976600 13385.45800800
2987.80761700 13073.29687500
2988.60546900 13327.47558600
2989.40332000 13147.38378900
2990.20019500 13253.70605500
2990.99804700 13467.12304700
2991.79492200 13208.22168000
2992.59179700 12968.12304700
2993.38867200 13005.17578100
2994.18554700 13171.43652300
2994.98242200 13293.63378900
2995.77832000 13119.56543000
2996.57519500 13282.78320300
2997.37109400 13222.16992200
2998.16699200 13259.30566400
2998.96289100 13025.16308600
2999.75878900 13365.16796900
3000.55371100 13048.90722700
3001.34960900 13051.31640600
3002.14453100 13063.19531300
3002.93945300 13340.30566400
3003.73437500 13115.38769500
3004.52929700 13297.84863300
3005.32421900 13265.54980500
3006.11816400 13084.72753900
3006.91308600 13283.08300800
3007.70703100 13184.38085900
3008.50097700 13234.23339800
3009.29492200 13303.07714800
3010.08886700 13144.22949200
3010.88281300 13140.32421900
3011.67578100 13436.98437500
3012.46972700 13113.51855500
3013.26269500 13217.21484400
3014.05566400 12979.05957000
3014.84863300 13177.75293000
3015.64160200 13281.51464800
3016.43359400 13192.10449200
3017.22656300 12931.59082000
3018.01855500 13165.27246100
3018.81054700 13319.81054700
3019.60253900 13265.20507800
3020.39453100 13169.36425800
3021.18652300 13219.34765600
3021.97753900 13266.17675800
3022.76953100 13366.94726600
3023.56054700 13407.47363300
3024.35156300 13349.64550800
3025.14257800 13025.19726600
3025.93359400 13252.96875000
3026.72460900 13366.52441400
3027.51464800 13197.49902300
3028.30566400 13136.39843800
3029.09570300 13319.87988300
3029.88574200 13423.99609400
3030.67578100 13455.05957000
3031.46582000 13146.03906300
3032.25488300 13310.58007800
3033.04492200 13271.68554700
3033.83398400 13359.98339800
3034.62304700 13181.12695300
3035.41210900 13240.80664100
3036.20117200 13389.60253900
3036.99023400 13344.31738300
3037.77929700 13152.59179700
3038.56738300 13301.45019500
3039.35644500 13224.27832000
3040.14453100 13408.23632800
3040.93261700 13254.60351600
3041.72070300 13135.96093800
3042.50781300 13453.83789100
3043.29589800 13437.17675800
3044.08300800 13449.19824200
3044.87109400 13340.06543000
3045.65820300 13368.01660200
3046.44531300 13236.50097700
3047.23242200 13104.93652300
3048.01855500 13203.05273400
3048.80566400 13400.13281300
3049.59179700 13252.56543000
3050.37793000 13414.60839800
3051.16503900 13014.73828100
3051.95117200 13065.01953100
3052.73632800 13361.27148400
3053.52246100 13376.49023400
3054.30761700 13353.36914100
3055.09375000 13416.53027300
3055.87890600 13204.81250000
3056.66406300 13347.89453100
3057.44921900 13302.36523400
3058.23437500 13228.03418000
3059.01953100 13297.62304700
3059.80371100 13146.47558600
3060.58789100 13139.27343800
3061.37304700 13285.69726600
3062.15722700 13316.92968800
3062.94043000 13370.58593800
3063.72460900 13571.56933600
3064.50878900 13593.26074200
3065.29199200 13400.32324200
3066.07617200 13303.43750000
3066.85937500 13235.35839800
3067.64257800 13362.77539100
3068.42578100 13204.91699200
3069.20800800 13111.12890600
3069.99121100 13261.03906300
3070.77343800 13340.43652300
3071.55664100 13198.49609400
3072.33886700 13069.33984400
3073.12109400 13235.39550800
3073.90332000 13321.26269500
3074.68457000 13307.63476600
3075.46679700 13387.12207000
3076.24804700 13206.49121100
3077.03027300 13247.44140600
3077.81152300 13394.42968800
3078.59277300 13252.26074200
3079.37402300 12923.62500000
3080.15429700 13134.92480500
3080.93554700 13137.31347700
3081.71582000 13326.21679700
3082.49707000 13023.08398400
3083.27734400 13202.38378900
3084.05761700 13121.12695300
3084.83789100 13136.38378900
3085.61718800 13113.02050800
3086.39746100 13292.46386700
3087.17675800 13108.12597700
3087.95605500 13062.20019500
3088.73535200 13071.01464800
3089.51464800 13244.13476600
3090.29394500 13333.53906300
3091.07324200 13406.86132800
3091.85156300 13128.86132800
3092.63085900 13321.45898400
3093.40918000 13272.28418000
3094.18750000 13277.91796900
3094.96582000 13073.88085900
3095.74414100 13034.31054700
3096.52148400 13220.60937500
3097.29980500 13497.34375000
3098.07714800 13122.10839800
3098.85546900 13143.86035200
3099.63281300 12842.69628900
3100.41015600 13158.31835900
3101.18652300 13432.05957000
3101.96386700 13256.79003900
3102.74023400 13074.99316400
3103.51757800 13248.66894500
3104.29394500 13002.14843800
3105.07031300 13240.54003900
3105.84668000 13310.85253900
3106.62304700 13365.01660200
3107.39843800 13267.15136700
3108.17480500 13056.00000000
3108.95019500 13265.48730500
3109.72558600 13306.73339800
3110.50097700 13160.22168000
3111.27636700 12897.08691400
3112.05175800 13148.79687500
3112.82714800 13468.62109400
3113.60156300 13189.19824200
3114.37695300 13486.46191400
3115.15136700 12934.69921900
3115.92578100 13099.11914100
3116.70019500 13296.01953100
3117.47363300 13116.83496100
3118.24804700 13115.96582000
3119.02246100 13102.12109400
3119.79589800 13153.16015600
3120.56933600 13359.98144500
3121.34277300 13112.48339800
3122.11621100 12994.74609400
3122.88964800 13091.25585900
3123.66210900 13087.13085900
3124.43554700 13125.22753900
3125.20800800 13260.79589800
3125.98046900 13272.94238300
3126.75293000 13298.09277300
3127.52539100 12942.95898400
3128.29785200 13237.88671900
3129.07031300 13168.74804700
3129.84179700 13349.99707000
3130.61328100 13469.51074200
3131.38574200 13306.02832000
3132.15722700 12996.06152300
3132.92871100 13128.59179700
3133.69921900 13423.92285200
3134.47070300 13074.73925800
3135.24121100 13217.12304700
3136.01269500 12936.16894500
3136.78320300 12977.59765600
3137.55371100 13168.90918000
3138.32421900 13021.39550800
3139.09472700 13088.93359400
3139.86425800 13270.58886700
3140.63476600 13136.05273400
3141.40429700 13109.08007800
3142.17382800 13147.32714800
3142.94335900 13211.68554700
3143.71289100 13139.03125000
3144.48242200 13291.52050800
3145.25097700 13042.60156300
3146.02050800 13133.10156300
3146.78906300 13239.95898400
3147.55761700 13245.61914100
3148.32714800 13169.62304700
3149.09472700 12959.65722700
3149.86328100 13265.87402300
3150.63183600 13300.95312500
3151.39941400 13192.22363300
3152.16796900 13142.30078100
3152.93554700 13226.42285200
3153.70312500 13284.41113300
3154.47070300 13139.61718800
3155.23828100 13413.53515600
3156.00488300 13196.72363300
3156.77246100 13267.83789100
3157.53906300 13410.99121100
3158.30566400 13295.55273400
3159.07226600 13314.33007800
3159.83886700 13326.56250000
3160.60546900 13266.73242200
3161.37207000 13177.39355500
3162.13769500 13245.31445300
3162.90332000 13309.98242200
3163.66992200 13177.98632800
3164.43554700 13331.18847700
3165.20117200 13415.58105500
3165.96582000 13460.64550800
3166.73144500 13472.92089800
3167.49609400 13022.56933600
3168.26171900 12923.19238300
3169.02636700 13414.58496100
3169.79101600 13206.90820300
3170.55566400 13485.10644500
3171.32031300 13073.75585900
3172.08398400 13161.52050800
3172.84863300 13282.16894500
3173.61230500 13103.85058600
3174.37695300 13497.30468800
3175.14062500 13302.52441400
3175.90429700 13436.43457000
3176.66699200 13192.25097700
3177.43066400 13270.27929700
3178.19433600 13239.78515600
3178.95703100 13252.05078100
3179.71972700 13445.30175800
3180.48242200 13372.03710900
3181.24511700 12966.27734400
3182.00781300 13054.22460900
3182.77050800 13254.16406300
3183.53222700 13302.67187500
3184.29492200 13502.72851600
3185.05664100 13366.79199200
3185.81835900 13474.66210900
3186.58007800 13315.60058600
3187.34179700 13077.36328100
3188.10253900 13528.14062500
3188.86425800 13339.32031300
3189.62500000 13486.86230500
3190.38671900 13301.26464800
3191.14746100 13409.25781300
3191.90820300 13355.58398400
3192.66796900 13384.40820300
3193.42871100 13162.34179700
3194.18945300 13537.84179700
3194.94921900 13484.15136700
3195.70898400 13367.68164100
3196.46972700 13380.01464800
3197.22949200 13230.44043000
3197.98828100 13507.14453100
3198.74804700 13440.17578100
3199.50781300 13584.77343800
3200.26660200 13319.39257800
3201.02539100 13483.86425800
3201.78418000 13310.98925800
3202.54296900 13303.47656300
3203.30175800 13375.37890600
3204.06054700 13308.30078100
3204.81933600 13595.39941400
3205.57714800 13409.14257800
3206.33496100 13438.06640600
3207.09375000 13463.68847700
3207.85156300 13386.62597700
3208.60839800 13389.05371100
3209.36621100 13421.30761700
3210.12402300 13277.90527300
3210.88085900 13747.74414100
3211.63867200 13564.55957000
3212.39550800 13583.60253900
3213.15234400 13393.68750000
3213.90918000 13366.26074200
3214.66503900 13372.00585900
3215.42187500 13520.45703100
3216.17773400 13502.99707000
3216.93457000 13485.52929700
3217.69043000 13365.11914100
3218.44628900 13470.50195300
3219.20214800 13532.74121100
3219.95800800 13425.56250000
3220.71289100 13813.46386700
3221.46875000 13540.12011700
3222.22363300 13482.74609400
3222.97851600 13272.41308600
3223.73339800 13564.13281300
3224.48828100 13430.23437500
3225.24316400 13479.24902300
3225.99804700 13148.98339800
3226.75195300 13613.93652300
3227.50683600 13253.62011700
3228.26074200 13412.49414100
3229.01464800 13601.39257800
3229.76855500 13717.09472700
3230.52246100 13346.54199200
3231.27539100 13478.89746100
3232.02929700 13651.28515600
3232.78222700 13687.09765600
3233.53515600 13546.26171900
3234.28808600 13502.05566400
3235.04101600 13411.15136700
3235.79394500 13253.51269500
3236.54687500 13389.35546900
3237.29882800 13465.19433600
3238.05175800 13511.02832000
3238.80371100 13540.19238300
3239.55566400 13395.78515600
3240.30761700 13778.84179700
3241.05957000 13367.28027300
3241.81152300 13543.39648400
3242.56250000 13338.75488300
3243.31445300 13605.14062500
3244.06543000 13731.26953100
3244.81640600 13499.81152300
3245.56738300 13335.12793000
3246.31835900 13574.95898400
3247.06933600 13386.82031300
3247.81933600 13489.61035200
3248.57031300 13421.82226600
3249.32031300 13574.84765600
3250.07031300 13587.36914100
3250.82031300 13265.17089800
3251.57031300 13696.12402300
3252.32031300 13229.84277300
3253.06933600 13372.92578100
3253.81933600 13593.10449200
3254.56835900 13468.28027300
3255.31738300 13494.20312500
3256.06640600 13211.79296900
3256.81543000 13281.25683600
3257.56445300 13454.68164100
3258.31250000 13433.67285200
3259.06152300 13221.47949200
3259.80957000 13411.76171900
3260.55761700 13347.11621100
3261.30566400 13336.14160200
3262.05371100 13445.99414100
3262.80175800 13602.88769500
3263.54980500 13293.11816400
3264.29687500 13527.28222700
3265.04394500 13301.35839800
3265.79199200 13276.92578100
3266.53906300 13457.45312500
3267.28613300 13675.01562500
3268.03222700 13532.98828100
3268.77929700 13290.04882800
3269.52636700 13450.53710900
3270.27246100 13305.02734400
3271.01855500 13610.22363300
3271.76464800 13363.75585900
3272.51074200 13480.62890600
3273.25683600 13378.77246100
3274.00293000 13411.53320300
3274.74804700 13329.82910200
3275.49316400 13403.00488300
3276.23925800 13334.74218800
3276.98437500 13118.22656300
3277.72949200 13211.62011700
3278.47363300 13173.61523400
3279.21875000 13391.77050800
3279.96386700 13377.38476600
3280.70800800 13437.17675800
3281.45214800 13756.67773400
3282.19628900 13421.90039100
3282.94043000 13478.36035200
3283.68457000 13254.76367200
3284.42871100 13213.33789100
3285.17187500 13296.79589800
3285.91601600 13150.69824200
3286.65918000 13359.12304700
3287.40234400 13172.45117200
3288.14550800 13459.54394500
