2458.93945300 6517.22998000
2459.83984400 6549.15820300
2460.74023400 6522.53808600
2461.64062500 6537.74511700
2462.54003900 6502.74414100
2463.43945300 6453.77832000
2464.33984400 6608.51904300
2465.23925800 6570.72021500
2466.13769500 6471.48632800
2467.03710900 6659.82959000
2467.93554700 6619.22656300
2468.83496100 6707.10693400
2469.73339800 6705.61328100
2470.63183600 6564.39160200
2471.52929700 6428.70605500
2472.42773400 6575.32617200
2473.32519500 6375.27783200
2474.22363300 6454.82373000
2475.12109400 6531.60351600
2476.01757800 6510.48974600
2476.91503900 6411.01464800
2477.81250000 6375.87500000
2478.70898400 6472.29541000
2479.60546900 6560.35351600
2480.50195300 6698.85498000
2481.39843800 6613.32568400
2482.29394500 6589.39794900
2483.19043000 6677.54785200
2484.08593800 6519.09375000
2484.98144500 6545.59277300
2485.87695300 6541.26025400
2486.77246100 6578.99121100
2487.66699200 6440.02929700
2488.56250000 6623.63818400
2489.45703100 6664.21386700
2490.35156300 6525.18701200
2491.24511700 6630.32177700
2492.13964800 6583.88623000
2493.03418000 6630.10205100
2493.92773400 6513.43017600
2494.82128900 6368.62011700
2495.71484400 6465.39794900
2496.60839800 6584.69628900
2497.50097700 6456.68066400
2498.39355500 6452.31982400
2499.28710900 6602.61816400
2500.17968800 6716.41210900
2501.07226600 6554.56494100
2501.96386700 6471.43701200
2502.85644500 6472.70312500
2503.74804700 6665.37451200
2504.63964800 6652.60253900
2505.53125000 6546.90185500
2506.42285200 6477.77343800
2507.31347700 6605.80615200
2508.20507800 6457.77148400
2509.09570300 6512.58007800
2509.98632800 6764.71484400
2510.87695300 6481.30322300
2511.76757800 6400.80175800
2512.65722700 6545.89160200
2513.54785200 6549.99658200
2514.43750000 6565.38818400
2515.32714800 6527.16943400
2516.21679700 6494.58007800
2517.10546900 6583.36962900
2517.99511700 6547.95507800
2518.88378900 6470.16406300
2519.77246100 6742.60791000
2520.66113300 6551.81396500
2521.54980500 6544.62353500
2522.43750000 6568.52050800
2523.32519500 6459.56054700
2524.21386700 6689.85742200
2525.10156300 6515.83349600
2525.98925800 6658.54492200
2526.87597700 6501.42138700
2527.76367200 6579.10253900
2528.65039100 6594.54834000
2529.53710900 6564.70654300
2530.42382800 6582.98681600
2531.31054700 6759.86328100
2532.19628900 6769.69140600
2533.08300800 6521.71435500
2533.96875000 6701.51660200
2534.85449200 6609.30859400
2535.74023400 6772.19043000
2536.62597700 6699.80664100
2537.51074200 6715.30615200
2538.39648400 6793.21240200
2539.28125000 6561.91943400
2540.16601600 6858.31591800
2541.04980500 6709.24902300
2541.93457000 6628.25097700
2542.81933600 6632.39746100
2543.70312500 6772.85400400
2544.58691400 6734.42529300
2545.47070300 6661.89062500
2546.35449200 6700.14355500
2547.23730500 6641.78320300
2548.12011700 6756.79687500
2549.00390600 6667.14990200
2549.88671900 6719.65234400
2550.76855500 6493.43847700
2551.65136700 6796.27099600
2552.53418000 6686.64306600
2553.41601600 6705.03955100
2554.29785200 6777.52636700
2555.17968800 6536.86425800
2556.06152300 6652.06054700
2556.94238300 6661.91943400
2557.82421900 6617.65576200
2558.70507800 6755.73046900
2559.58593800 6879.61035200
2560.46679700 6487.60888700
2561.34765600 6765.43896500
2562.22753900 6789.58886700
2563.10742200 6696.81054700
2563.98828100 6815.09521500
2564.86816400 6630.98095700
2565.74707000 6672.24560500
2566.62695300 6682.12841800
2567.50683600 6737.69433600
2568.38574200 6747.59375000
2569.26464800 6600.41210900
2570.14355500 6673.13427700
2571.02246100 6708.74121100
2571.90039100 6652.91308600
2572.77832000 6642.79589800
2573.65722700 6858.52880900
2574.53515600 6742.64794900
2575.41308600 6784.02294900
2576.29003900 6819.69335900
2577.16796900 6924.04589800
2578.04492200 6848.14941400
2578.92187500 6752.18701200
2579.79882800 6787.87841800
2580.67578100 6895.16992200
2581.55273400 6844.98291000
2582.42871100 6863.52636700
2583.30468800 6761.74023400
2584.18066400 6837.58789100
2585.05664100 6844.67480500
2585.93261700 6757.15869100
2586.80761700 6695.41406300
2587.68359400 6794.25195300
2588.55859400 6873.04882800
2589.43359400 6656.35742200
2590.30859400 6915.94873000
2591.18261700 6791.02783200
2592.05761700 6651.70312500
2592.93164100 6891.34668000
2593.80566400 6855.37695300
2594.67968800 7089.41064500
2595.55371100 6915.55664100
2596.42773400 6850.83300800
2597.30078100 6757.34082000
2598.17382800 7083.53418000
2599.04687500 7110.81689500
2599.91992200 6985.68457000
2600.79296900 6791.46582000
2601.66503900 6812.95214800
2602.53808600 7122.21240200
2603.41015600 6927.90478500
2604.28222700 6943.67236300
2605.15429700 6907.61718800
2606.02539100 6825.46826200
2606.89746100 6875.79052700
2607.76855500 6859.86767600
2608.63964800 6913.09765600
2609.51074200 6802.06152300
2610.38183600 6797.64453100
2611.25293000 6862.42675800
2612.12304700 6829.18066400
2612.99316400 6994.95214800
2613.86328100 6857.85498000
2614.73339800 6844.78662100
2615.60351600 6926.95898400
2616.47265600 6824.40771500
2617.34277300 6918.15722700
2618.21191400 6925.30517600
2619.08105500 6920.90136700
2619.95019500 7052.28320300
2620.81835900 6805.17041000
2621.68750000 6887.44677700
2622.55566400 6868.57714800
2623.42382800 6832.35156300
2624.29199200 7010.11621100
2625.16015600 6872.66455100
2626.02734400 6847.98974600
2626.89550800 6765.43115200
2627.76269500 6940.42822300
2628.62988300 6904.17187500
2629.49707000 6969.23974600
2630.36425800 6770.79931600
2631.23046900 7111.03906300
2632.09668000 6866.19335900
2632.96386700 6983.46289100
2633.83007800 6784.86669900
2634.69531300 6934.05371100
2635.56152300 6961.52343800
2636.42773400 7020.90429700
2637.29296900 6888.86962900
2638.15820300 6907.64257800
2639.02343800 6906.11084000
2639.88867200 6869.75000000
2640.75293000 7071.41064500
2641.61816400 6840.53662100
2642.48242200 6830.27685500
2643.34668000 7055.28564500
2644.21093800 7047.96875000
2645.07519500 7043.55419900
2645.93847700 6774.66162100
2646.80175800 6839.95654300
2647.66601600 6995.40918000
2648.52929700 6938.63476600
2649.39160200 6995.27441400
2650.25488300 6880.29199200
2651.11816400 7070.79248000
2651.98046900 6885.93017600
2652.84277300 7006.64355500
2653.70507800 6941.06689500
2654.56738300 6954.09082000
2655.42871100 6850.61279300
2656.29101600 6962.67382800
2657.15234400 6969.88085900
2658.01367200 6991.66259800
2658.87500000 6955.15332000
2659.73632800 6784.51269500
2660.59668000 6742.11474600
2661.45800800 6962.20410200
2662.31835900 6841.05664100
2663.17871100 6894.93359400
2664.03906300 6794.15332000
2664.89941400 6906.42187500
2665.75878900 7097.56445300
2666.61816400 6885.79638700
2667.47851600 7088.69238300
2668.33789100 6929.42236300
2669.19628900 6886.96533200
2670.05566400 6990.61621100
2670.91406300 7158.61572300
2671.77343800 7110.33056600
2672.63183600 7032.78369100
2673.49023400 6887.93505900
2674.34863300 7006.31396500
2675.20605500 6764.84472700
2676.06445300 7070.54443400
2676.92187500 7001.69238300
2677.77929700 7079.19824200
2678.63671900 6954.68261700
2679.49414100 7017.56445300
2680.35058600 6922.28076200
2681.20703100 6788.86914100
2682.06445300 7062.75781300
2682.92089800 6985.01269500
2683.77734400 7042.09765600
2684.63281300 6955.52002000
2685.48925800 6930.49853500
2686.34472700 7031.60791000
2687.20019500 6912.70068400
2688.05566400 6931.67529300
2688.91113300 7126.77148400
2689.76660200 7028.36181600
2690.62109400 7082.60595700
2691.47656300 7072.25781300
2692.33105500 6988.46582000
2693.18554700 7133.81543000
2694.03906300 6982.41113300
2694.89355500 7154.27002000
2695.74707000 7240.93994100
2696.60156300 7048.29882800
2697.45507800 7220.27148400
2698.30859400 7012.84179700
2699.16113300 7314.33154300
2700.01464800 7183.35009800
2700.86718800 7075.86328100
2701.72070300 7083.14794900
2702.57324200 7099.26855500
2703.42578100 7115.39502000
2704.27734400 7049.04785200
2705.12988300 7053.38525400
2705.98144500 7240.42871100
2706.83300800 7073.85302700
2707.68457000 7098.83252000
2708.53613300 7135.61572300
2709.38769500 7131.12451200
2710.23925800 7147.27929700
2711.08984400 7116.23437500
2711.94043000 7108.78466800
2712.79101600 7254.80957000
2713.64160200 7138.15576200
2714.49121100 7319.67578100
2715.34179700 7129.15625000
2716.19140600 7411.17529300
2717.04101600 7329.91162100
2717.89062500 7186.56054700
2718.74023400 7406.68896500
2719.58984400 7351.98046900
2720.43847700 7288.37988300
2721.28808600 7331.21728500
2722.13671900 7320.82910200
2722.98535200 7174.34521500
2723.83300800 7382.89257800
2724.68164100 7434.65966800
2725.52929700 7362.11669900
2726.37793000 7322.11328100
2727.22558600 7486.43115200
2728.07324200 7250.94482400
2728.91992200 7184.23144500
2729.76757800 7215.27587900
2730.61425800 7308.57031300
2731.46191400 7286.29248000
2732.30859400 7178.02343800
2733.15429700 7301.01904300
2734.00097700 7213.47168000
2734.84765600 7339.48828100
2735.69335900 7248.94628900
2736.53906300 7087.14013700
2737.38476600 7260.69921900
2738.23046900 7190.86962900
2739.07617200 7132.89013700
2739.92089800 7057.06689500
2740.76660200 7016.86181600
2741.61132800 7157.89111300
2742.45605500 7105.80127000
2743.30078100 7133.94824200
2744.14550800 7135.34765600
2744.98925800 7077.27441400
2745.83300800 7254.14209000
2746.67773400 7172.27002000
2747.52148400 7245.08593800
2748.36425800 7035.21191400
2749.20800800 7045.52050800
2750.05175800 6912.93017600
2750.89453100 7220.99072300
2751.73730500 7064.55517600
2752.58007800 7057.00244100
2753.42285200 7079.24121100
2754.26464800 7137.24853500
2755.10742200 7058.16894500
2755.94921900 7166.87500000
2756.79101600 7129.51464800
2757.63281300 7172.66357400
2758.47460900 7147.22021500
2759.31640600 6981.53955100
2760.15722700 7150.01757800
2760.99902300 7055.90478500
2761.83984400 7119.97656300
2762.68066400 6975.05957000
2763.52050800 7024.20703100
2764.36132800 7058.43798800
2765.20214800 6994.08935500
2766.04199200 6971.55029300
2766.88183600 7086.48779300
2767.72168000 7084.88281300
2768.56152300 7059.35693400
2769.40039100 7102.60351600
2770.24023400 7127.91992200
2771.07910200 7210.08837900
2771.91796900 7088.81054700
2772.75683600 7072.23681600
2773.59570300 7076.61035200
2774.43359400 7024.09765600
2775.27246100 7103.32910200
2776.11035200 7146.64794900
2776.94824200 7040.19189500
2777.78613300 6999.61523400
2778.62402300 7198.78125000
2779.46191400 7227.16259800
2780.29882800 7099.65039100
2781.13574200 7152.01220700
2781.97265600 7039.43115200
2782.80957000 6959.80468800
2783.64648400 6964.16064500
2784.48339800 7274.62793000
2785.31933600 7146.97265600
2786.15527300 7010.26025400
2786.99218800 7317.91406300
2787.82812500 7229.23535200
2788.66308600 6858.14502000
2789.49902300 6904.54785200
2790.33398400 6975.00976600
2791.16992200 7000.41210900
2792.00488300 7188.16650400
2792.83984400 7255.71582000
2793.67382800 7091.71289100
2794.50878900 7038.94531300
2795.34277300 7178.71191400
2796.17773400 7122.93066400
2797.01171900 7133.34326200
2797.84570300 7080.54052700
2798.67968800 7259.56543000
2799.51269500 7270.00927700
2800.34668000 7181.05468800
2801.17968800 7266.80566400
2802.01269500 6981.94628900
2802.84570300 7152.08105500
2803.67871100 7189.64257800
2804.51074200 7163.90039100
2805.34375000 7207.50878900
2806.17578100 7043.01074200
2807.00781300 7340.02783200
2807.83984400 7045.74023400
2808.67187500 7134.62793000
2809.50390600 6979.04199200
2810.33496100 7297.40918000
2811.16601600 7138.77343800
2811.99804700 7200.56250000
2812.82812500 7159.66259800
2813.65918000 7287.95263700
2814.49023400 7132.21240200
2815.32031300 7206.13671900
2816.15136700 7240.78662100
2816.98144500 7305.68798800
2817.81152300 7119.58349600
2818.64160200 7493.04052700
2819.47070300 7255.46337900
2820.30078100 7380.93994100
2821.12988300 7249.18652300
2821.95898400 7353.51757800
2822.78808600 7370.07714800
2823.61718800 7395.72851600
2824.44628900 7524.37988300
2825.27441400 7389.49414100
2826.10351600 7415.16210900
2826.93164100 7355.97509800
2827.75976600 7439.24316400
2828.58789100 7558.92822300
2829.41503900 7433.01416000
2830.24316400 7859.09912100
2831.07031300 7760.49804700
2831.89746100 7804.47460900
2832.72460900 7930.41259800
2833.55175800 8071.57617200
2834.37890600 8054.91308600
2835.20605500 8284.21972700
2836.03222700 8589.54589800
2836.85839800 8767.39746100
2837.68457000 8954.43261700
2838.51074200 9153.69433600
2839.33691400 9091.62207000
2840.16210900 9412.59668000
2840.98828100 9785.38671900
2841.81347700 9957.58691400
2842.63867200 10385.37988300
2843.46386700 10478.65332000
2844.28906300 10745.42089800
2845.11328100 10756.61621100
2845.93847700 10731.28320300
2846.76269500 10708.98339800
2847.58691400 10771.94921900
2848.41113300 10737.46289100
2849.23535200 10462.27636700
2850.05957000 10244.87988300
2850.88281300 10277.32324200
2851.70605500 10282.34277300
2852.53027300 10076.98046900
2853.35253900 10020.96972700
2854.17578100 9867.33105500
2854.99902300 9957.69335900
2855.82128900 9599.54199200
2856.64453100 9692.93847700
2857.46679700 9737.52929700
2858.28906300 9675.27832000
2859.11132800 9628.27148400
2859.93261700 9556.81054700
2860.75488300 9457.82910200
2861.57617200 9517.69140600
2862.39843800 9275.02929700
2863.21972700 9594.69043000
2864.04003900 9266.34765600
2864.86132800 9528.02929700
2865.68261700 9337.17285200
2866.50293000 9397.07617200
2867.32324200 9472.29980500
2868.14355500 9575.09277300
2868.96386700 9665.68066400
2869.78418000 9661.40332000
2870.60449200 9828.58691400
2871.42382800 9818.21289100
2872.24316400 10071.25390600
2873.06347700 9999.64843800
2873.88281300 10350.87402300
2874.70117200 10487.69726600
2875.52050800 10544.87304700
2876.33886700 10681.78418000
2877.15820300 11094.73535200
2877.97656300 11618.25976600
2878.79492200 12166.52343800
2879.61328100 12481.80566400
2880.43066400 12797.20703100
2881.24902300 12293.18164100
2882.06640600 11920.97558600
2882.88378900 11204.71679700
2883.70214800 10607.96093800
2884.51855500 10167.63964800
2885.33593800 9779.38085900
2886.15332000 9707.48828100
2886.96972700 9718.55371100
2887.78613300 9459.09960900
2888.60253900 9593.10839800
2889.41894500 9351.98144500
2890.23535200 9415.27539100
2891.05175800 9075.57421900
2891.86718800 9181.91699200
2892.68261700 9066.70898400
2893.49902300 8926.83105500
2894.31445300 9023.96679700
2895.12890600 9133.45605500
2895.94433600 8934.99023400
2896.75976600 8927.44238300
2897.57421900 9027.73046900
2898.38867200 8964.72460900
2899.20312500 8790.73144500
2900.01757800 8992.78320300
2900.83203100 9012.98730500
2901.64550800 8743.29687500
2902.45996100 8886.84472700
2903.27343800 8885.44140600
2904.08691400 8847.00683600
2904.90039100 8854.85253900
2905.71386700 8841.09179700
2906.52636700 8706.91113300
2907.33984400 8535.62109400
2908.15234400 8688.58105500
2908.96484400 8878.67089800
2909.77734400 8710.40429700
2910.58984400 8668.78222700
2911.40234400 8698.23828100
2912.21386700 8573.12304700
2913.02539100 8447.95996100
2913.83789100 8551.61718800
2914.64941400 8553.23046900
2915.46093800 8514.62207000
2916.27148400 8420.29589800
2917.08300800 8657.11425800
2917.89355500 8609.21484400
2918.70507800 8555.10351600
2919.51562500 8504.06835900
2920.32617200 8521.15820300
2921.13574200 8423.62500000
2921.94628900 8419.01367200
2922.75585900 8569.36132800
2923.56640600 8521.37695300
2924.37597700 8429.96875000
2925.18554700 8478.06933600
2925.99511700 8513.78125000
2926.80468800 8661.18359400
2927.61328100 8665.91503900
2928.42187500 8676.85351600
2929.23144500 8489.14648400
2930.04003900 8593.18945300
2930.84863300 8510.96777300
2931.65625000 8524.98828100
2932.46484400 8495.52734400
2933.27246100 8546.83105500
2934.08105500 8383.74316400
2934.88867200 8503.41992200
2935.69628900 8349.58691400
2936.50390600 8177.04150400
2937.31054700 8287.41503900
2938.11816400 8537.79394500
2938.92480500 8327.85351600
2939.73144500 8264.07421900
2940.53906300 8022.88183600
2941.34472700 8142.66552700
2942.15136700 8203.34179700
2942.95800800 8127.03271500
2943.76367200 8165.92724600
2944.56933600 7750.04980500
2945.37597700 7710.99804700
2946.18164100 8002.24121100
2946.98632800 7932.05371100
2947.79199200 7974.06250000
2948.59765600 7735.47607400
2949.40234400 7540.45898400
2950.20703100 7576.17773400
2951.01171900 7599.43115200
2951.81640600 7510.36474600
2952.62109400 7630.35839800
2953.42480500 7578.71972700
2954.22949200 7664.42822300
2955.03320300 7594.04052700
2955.83691400 7745.36816400
2956.64062500 7568.76171900
2957.44433600 7923.21972700
2958.24804700 7712.20556600
2959.05078100 7691.76562500
2959.85351600 7680.69580100
2960.65722700 7616.46826200
2961.45996100 7699.19531300
2962.26269500 7506.70703100
2963.06445300 7483.07861300
2963.86718800 7509.50390600
2964.66894500 7617.30712900
2965.47168000 7546.73242200
2966.27343800 7519.96093800
2967.07519500 7411.76562500
2967.87695300 7738.85937500
2968.67773400 7627.53076200
2969.47949200 7491.09570300
2970.28027300 7520.69189500
2971.08105500 7362.24560500
2971.88183600 7504.67968800
2972.68261700 7465.31494100
2973.48339800 7507.46923800
2974.28418000 7355.17382800
2975.08398400 7485.16210900
2975.88378900 7480.27685500
2976.68457000 7509.91015600
2977.48437500 7505.02636700
2978.28320300 7302.35546900
2979.08300800 7350.81103500
2979.88281300 7333.33105500
2980.68164100 7438.35107400
2981.48046900 7461.72314500
2982.27929700 7544.80810500
2983.07812500 7288.48535200
2983.87695300 7415.57714800
2984.67578100 7479.83349600
2985.47363300 7408.89160200
2986.27246100 7441.71679700
2987.07031300 7650.72168000
2987.86816400 7400.42334000
2988.66601600 7165.76660200
2989.46289100 7516.47705100
2990.26074200 7354.16259800
2991.05761700 7283.10156300
2991.85546900 7523.79980500
2992.65234400 7468.49267600
2993.44921900 7287.14404300
2994.24511700 7483.85937500
2995.04199200 7447.42285200
2995.83886700 7429.88574200
2996.63476600 7396.57714800
2997.43066400 7312.80127000
2998.22656300 7339.38427700
2999.02246100 7302.88476600
2999.81835900 7477.76757800
3000.61425800 7356.07373000
3001.40918000 7480.52880900
3002.20410200 7440.86962900
3003.00000000 7536.96777300
3003.79492200 7484.67041000
3004.58886700 7208.08837900
3005.38378900 7458.99853500
3006.17871100 7283.42285200
3006.97265600 7392.22021500
3007.76660200 7324.04052700
3008.56054700 7281.12793000
3009.35449200 7412.11865200
3010.14843800 7362.87988300
3010.94238300 7380.05273400
3011.73535200 7498.47656300
3012.52929700 7465.04785200
3013.32226600 7327.15869100
3014.11523400 7341.16992200
3014.90820300 7409.01220700
3015.70117200 7318.53759800
3016.49316400 7601.78320300
3017.28613300 7295.88623000
3018.07812500 7303.56494100
3018.87011700 7441.18164100
3019.66210900 7518.62353500
3020.45410200 7282.23144500
3021.24609400 7245.51855500
3022.03710900 7392.73828100
3022.82910200 7428.98925800
3023.62011700 7217.78613300
3024.41113300 7250.84423800
3025.20214800 7255.34960900
3025.99316400 7348.73925800
3026.78418000 7502.48730500
3027.57421900 7402.24609400
3028.36523400 7362.31445300
3029.15527300 7395.43261700
3029.94531300 7457.15820300
3030.73535200 7309.16455100
3031.52539100 7475.78613300
3032.31445300 7384.96386700
3033.10449200 7300.46728500
3033.89355500 7537.14257800
3034.68261700 7338.13281300
3035.47168000 7333.11474600
3036.26074200 7429.91748000
3037.04980500 7444.00878900
3037.83886700 7423.08984400
3038.62695300 7386.24462900
3039.41503900 7559.54980500
3040.20410200 7465.38671900
3040.99218800 7262.88281300
3041.77929700 7362.97998000
3042.56738300 7297.40771500
3043.35546900 7276.43212900
3044.14257800 7405.27539100
3044.92968800 7457.64404300
3045.71679700 7436.68505900
3046.50390600 7463.56152300
3047.29101600 7493.63720700
3048.07812500 7603.49169900
3048.86523400 7381.48974600
3049.65136700 7303.04150400
3050.43750000 7499.11669900
3051.22363300 7452.59082000
3052.00976600 7348.56201200
3052.79589800 7270.04882800
3053.58203100 7450.28515600
3054.36718800 7518.74902300
3055.15234400 7520.12158200
3055.93847700 7451.16992200
3056.72363300 7593.20410200
3057.50878900 7463.48291000
3058.29296900 7548.00048800
3059.07812500 7619.75341800
3059.86328100 7624.34277300
3060.64746100 7504.13134800
3061.43164100 7335.86572300
3062.21582000 7618.91113300
3063.00000000 7434.59521500
3063.78418000 7403.92675800
3064.56738300 7424.49414100
3065.35156300 7541.17529300
3066.13476600 7423.99609400
3066.91796900 7534.30908200
3067.70117200 7417.08544900
3068.48437500 7466.52490200
3069.26757800 7365.27734400
3070.04980500 7424.34570300
3070.83300800 7441.73584000
3071.61523400 7337.21923800
3072.39746100 7309.67529300
3073.17968800 7359.14697300
3073.96191400 7187.14746100
3074.74414100 7249.45605500
3075.52539100 7411.33252000
3076.30761700 7464.06835900
3077.08886700 7459.00195300
3077.87011700 7595.30029300
3078.65136700 7429.58056600
3079.43261700 7286.29834000
3080.21386700 7300.48193400
3080.99414100 7440.06445300
3081.77539100 7489.65429700
3082.55566400 7288.38183600
3083.33593800 7360.48046900
3084.11621100 7564.52539100
3084.89648400 7359.93750000
3085.67578100 7261.49365200
3086.45605500 7462.41162100
3087.23535200 7351.06982400
3088.01562500 7378.16943400
3088.79492200 7205.57080100
3089.57421900 7290.64257800
3090.35253900 7353.18945300
3091.13183600 7367.41552700
3091.91113300 7284.94433600
3092.68945300 7302.38671900
3093.46777300 7223.09716800
3094.24609400 7253.43457000
3095.02441400 7412.81396500
3095.80273400 7378.66894500
3096.58105500 7283.19970700
3097.35839800 7278.06591800
3098.13574200 7163.17431600
3098.91406300 7351.73828100
3099.69140600 7065.66552700
3100.46875000 7331.79589800
3101.24511700 7297.59082000
3102.02246100 7192.28955100
3102.79882800 7361.63818400
3103.57617200 7227.22021500
3104.35253900 7390.16992200
3105.12890600 7498.21142600
3105.90527300 7347.57421900
3106.68164100 7225.99267600
3107.45703100 7340.53222700
3108.23339800 7018.29003900
3109.00878900 7194.32226600
3109.78418000 7470.76269500
3110.55957000 7239.01709000
3111.33496100 7224.13818400
3112.11035200 7351.75439500
3112.88574200 7307.73681600
3113.66015600 7318.77978500
3114.43457000 7255.29736300
3115.20996100 7237.16503900
3115.98437500 7219.02636700
3116.75878900 7398.65332000
3117.53222700 7341.62304700
3118.30664100 7375.38574200
3119.08007800 7337.79394500
3119.85449200 7371.56787100
3120.62793000 7210.64648400
3121.40136700 7280.11132800
3122.17480500 7515.16210900
3122.94824200 7350.93164100
3123.72070300 7332.77734400
3124.49414100 7509.49902300
3125.26660200 7403.65283200
3126.03906300 7294.51904300
3126.81152300 7146.34716800
3127.58398400 7219.14941400
3128.35644500 7230.20849600
3129.12793000 7238.01953100
3129.90039100 7343.39892600
3130.67187500 7400.02392600
3131.44335900 7378.58935500
3132.21484400 7474.28808600
3132.98632800 7332.44140600
3133.75781300 7405.37988300
3134.52929700 7458.81054700
3135.29980500 7173.60644500
3136.07031300 7298.66503900
3136.84179700 7290.21289100
3137.61230500 7317.59570300
3138.38183600 7296.10839800
3139.15234400 7330.02050800
3139.92285200 7331.34570300
3140.69238300 7267.46337900
3141.46289100 7262.25537100
3142.23242200 7335.32373000
3143.00195300 7424.72900400
3143.77148400 7233.56787100
3144.54003900 7241.40234400
3145.30957000 7334.10253900
3146.07812500 7289.72509800
3146.84765600 7212.67968800
3147.61621100 7370.73877000
3148.38476600 7372.07128900
3149.15332000 7357.06933600
3149.92187500 7319.18945300
3150.68945300 7431.62793000
3151.45800800 7318.56787100
3152.22558600 7463.73877000
3152.99316400 7331.02392600
3153.76074200 7427.19238300
3154.52832000 7323.86132800
3155.29589800 7403.70459000
3156.06347700 7270.88232400
3156.83007800 7151.10253900
3157.59668000 7528.83691400
3158.36425800 7228.99023400
3159.13085900 7200.82568400
3159.89648400 7428.11523400
3160.66308600 7383.59716800
3161.42968800 7430.80127000
3162.19531300 7494.40722700
3162.96191400 7462.98632800
3163.72753900 7575.79296900
3164.49316400 7455.84912100
3165.25878900 7450.63867200
3166.02441400 7268.31005900
3166.78906300 7335.23437500
3167.55468800 7221.72216800
3168.31933600 7305.07031300
3169.08398400 7270.28613300
3169.84863300 7209.22558600
3170.61328100 7315.60107400
3171.37793000 7293.93505900
3172.14257800 7508.75781300
3172.90625000 7595.53271500
3173.67089800 7432.61328100
3174.43457000 7466.82226600
3175.19824200 7362.98730500
3175.96191400 7199.93652300
3176.72558600 7362.36279300
3177.48828100 7505.11425800
3178.25195300 7397.92041000
3179.01464800 7465.05957000
3179.77734400 7341.36621100
3180.54003900 7197.88134800
3181.30273400 7423.02636700
3182.06543000 7486.92529300
3182.82812500 7435.59179700
3183.58984400 7502.80908200
3184.35253900 7359.22216800
3185.11425800 7377.02783200
3185.87597700 7473.92919900
3186.63769500 7363.21875000
3187.39941400 7437.07617200
3188.16015600 7392.26171900
3188.92187500 7479.34179700
3189.68261700 7629.12255900
3190.44433600 7452.35937500
3191.20507800 7496.60302700
3191.96582000 7527.66162100
3192.72558600 7489.41601600
3193.48632800 7556.79931600
3194.24707000 7478.92089800
3195.00683600 7516.60351600
3195.76660200 7494.84277300
3196.52636700 7390.48046900
3197.28613300 7322.42822300
3198.04589800 7452.64746100
3198.80566400 7606.05273400
3199.56543000 7471.87939500
3200.32421900 7519.52783200
3201.08300800 7527.50488300
3201.84179700 7581.79638700
3202.60058600 7655.95849600
3203.35937500 7511.74414100
3204.11816400 7493.24755900
3204.87597700 7623.70947300
3205.63476600 7522.45263700
3206.39257800 7550.30908200
3207.15039100 7637.79394500
3207.90820300 7427.16406300
3208.66601600 7537.85156300
3209.42382800 7539.21923800
3210.18164100 7361.60156300
3210.93847700 7290.00390600
3211.69531300 7251.53808600
3212.45214800 7425.30419900
3213.20898400 7735.12841800
3213.96582000 7471.12841800
3214.72265600 7502.34814500
3215.47949200 7457.24804700
3216.23535200 7468.56005900
3216.99121100 7516.39599600
3217.74804700 7560.92871100
3218.50390600 7509.16357400
3219.25976600 7477.31005900
3220.01464800 7674.68896500
3220.77050800 7353.75439500
3221.52539100 7448.15136700
3222.28125000 7419.58740200
3223.03613300 7660.32128900
3223.79101600 7495.44433600
3224.54589800 7556.67529300
3225.30078100 7578.00927700
3226.05468800 7526.15234400
3226.80957000 7560.79931600
3227.56347700 7392.42578100
3228.31738300 7496.97070300
3229.07128900 7661.48730500
3229.82519500 7496.36962900
3230.57910200 7354.50781300
3231.33300800 7509.09375000
3232.08593800 7340.52636700
3232.83984400 7505.16406300
3233.59277300 7626.52880900
3234.34570300 7394.54687500
3235.09863300 7299.19384800
3235.85156300 7463.94384800
3236.60351600 7501.99707000
3237.35644500 7316.53125000
3238.10839800 7628.19873000
3238.86132800 7462.71337900
3239.61328100 7547.52783200
3240.36523400 7422.03271500
3241.11621100 7466.79834000
3241.86816400 7514.92041000
3242.62011700 7666.61767600
3243.37109400 7637.94677700
3244.12207000 7605.92334000
3244.87304700 7687.52978500
3245.62402300 7715.67822300
3246.37500000 7523.15722700
3247.12597700 7507.81054700
3247.87597700 7472.38964800
3248.62695300 7473.75537100
3249.37695300 7532.00488300
3250.12695300 7573.54199200
3250.87695300 7611.74755900
3251.62695300 7626.53125000
3252.37695300 7560.95654300
3253.12597700 7461.86621100
3253.87597700 7506.77832000
3254.62500000 7528.25488300
3255.37402300 7549.73925800
3256.12304700 7544.41845700
3256.87207000 7559.20947300
3257.62109400 7543.83056600
3258.37011700 7468.08398400
3259.11816400 7603.61425800
3259.86621100 7584.88037100
3260.61425800 7472.19189500
3261.36328100 7426.58007800
3262.11035200 7515.21191400
3262.85839800 7744.87500000
3263.60644500 7749.65380900
3264.35351600 7569.72558600
3265.10156300 7692.03857400
3265.84863300 7555.70800800
3266.59570300 7402.52685500
3267.34277300 7652.58740200
3268.08886700 7848.95752000
3268.83593800 7658.76318400
3269.58300800 7488.67480500
3270.32910200 7466.50927700
3271.07519500 7488.06640600
3271.82128900 7465.89257800
3272.56738300 7403.32861300
3273.31347700 7475.37255900
3274.05957000 7429.61962900
3274.80468800 7343.44580100
3275.54980500 7499.70996100
3276.29589800 7541.51074200
3277.04101600 7586.69628900
3277.78613300 7648.74560500
3278.53027300 7552.42334000
3279.27539100 7506.62597700
3280.02050800 7430.46972700
3280.76464800 7485.79296900
3281.50878900 7450.07617200
3282.25293000 7626.85986300
3282.99707000 7496.68847700
3283.74121100 7521.69482400
3284.48535200 7526.45996100
3285.22851600 7416.45263700
3285.97265600 7481.97460900
3286.71582000 7577.91357400
3287.45898400 7538.78466800
3288.20214800 7501.63134800
