926.58984400 5401.79248000
927.76367200 5424.29052700
928.93652300 5493.88183600
930.10937500 5420.07959000
931.28125000 5538.94287100
932.45410200 5520.79882800
933.62597700 5442.67334000
934.79785200 5497.34277300
935.96972700 5524.17871100
937.14062500 5478.15478500
938.31152300 5451.40527300
939.48242200 5591.88671900
940.65332000 5507.24609400
941.82421900 5495.50146500
942.99414100 5661.82373000
944.16406300 5482.72705100
945.33398400 5428.04394500
946.50293000 5572.98681600
947.67187500 5745.90283200
948.84082000 5487.21435500
950.00976600 5499.07812500
951.17871100 5605.48095700
952.34668000 5546.45800800
953.51464800 5592.73144500
954.68261700 5580.97802700
955.84960900 5607.92480500
957.01757800 5725.21289100
958.18457000 5642.49169900
959.35156300 5600.61669900
960.51757800 5597.46093800
961.68457000 5635.20166000
962.85058600 5713.86279300
964.01562500 5712.88232400
965.18164100 5720.51611300
966.34668000 5749.69580100
967.51171900 5602.20263700
968.67675800 5767.14404300
969.84179700 5837.30712900
971.00585900 5808.32226600
972.16992200 5669.34570300
973.33398400 5776.19970700
974.49804700 5710.50927700
975.66113300 5636.16064500
976.82421900 5645.95312500
977.98730500 5709.71630900
979.15039100 5736.80078100
980.31250000 5839.48095700
981.47558600 5801.80273400
982.63671900 5694.97412100
983.79882800 5780.42236300
984.96093800 5667.06103500
986.12207000 5687.68457000
987.28320300 5732.10107400
988.44335900 5772.21044900
989.60449200 5853.43603500
990.76464800 5921.71386700
991.92480500 5964.05078100
993.08496100 5917.66259800
994.24414100 5910.22314500
995.40332000 5926.59960900
996.56250000 5899.66699200
997.72168000 5844.56152300
998.88085900 5947.60253900
1000.03906300 5957.49902300
1001.19726600 6036.76220700
1002.35546900 6064.02539100
1003.51269500 6147.68017600
1004.66992200 6042.67187500
1005.82714800 5965.82177700
1006.98437500 5973.56396500
1008.14160200 5950.92480500
1009.29785200 5982.54492200
1010.45410200 5903.44775400
1011.61035200 5859.06396500
1012.76562500 6034.04150400
1013.92187500 5980.97607400
1015.07714800 5988.73193400
1016.23242200 5896.51269500
1017.38671900 5999.90478500
1018.54101600 6022.88964800
1019.69628900 6032.83447300
1020.84960900 6075.41259800
1022.00390600 6035.33203100
1023.15722700 5964.76904300
1024.31054700 5983.41650400
1025.46386700 5989.00927700
1026.61718800 6081.70361300
1027.76953100 6021.98095700
1028.92187500 6090.75781300
1030.07421900 6061.51562500
1031.22656300 6054.05419900
1032.37793000 6046.58984400
1033.53027300 5941.01318400
1034.68066400 6179.93408200
1035.83203100 6174.67187500
1036.98339800 5983.97558600
1038.13378900 6170.68554700
1039.28418000 6250.53320300
1040.43359400 5961.50341800
1041.58398400 6113.39062500
1042.73339800 6147.41552700
1043.88281300 6233.87695300
1045.03222700 6211.13818400
1046.18066400 6175.27880900
1047.32910200 6148.14648400
1048.47753900 6145.05029300
1049.62597700 6179.12304700
1050.77343800 6149.78759800
1051.92187500 6098.56543000
1053.06933600 6347.06250000
1054.21582000 6254.28125000
1055.36328100 6305.92187500
1056.50976600 6449.53222700
1057.65625000 6442.11230500
1058.80273400 6679.98730500
1059.94921900 6714.23339800
1061.09472700 6744.11181600
1062.24023400 6690.72412100
1063.38574200 6547.44335900
1064.53027300 6428.21923800
1065.67578100 6460.25488300
1066.82031300 6358.50976600
1067.96484400 6430.03222700
1069.10839800 6264.60449200
1070.25293000 6298.82714800
1071.39648400 6330.86816400
1072.54003900 6294.85791000
1073.68261700 6373.02929700
1074.82519500 6376.55029300
1075.96875000 6305.37451200
1077.11132800 6442.92724600
1078.25293000 6310.19384800
1079.39550800 6489.57324200
1080.53710900 6407.36718800
1081.67871100 6404.30078100
1082.81933600 6352.83837900
1083.96093800 6468.56933600
1085.10156300 6474.31543000
1086.24218800 6596.72265600
1087.38281300 6426.37207000
1088.52246100 6592.86035200
1089.66210900 6519.34716800
1090.80175800 6465.62939500
1091.94140600 6504.43164100
1093.08007800 6477.13427700
1094.21972700 6269.07128900
1095.35839800 6552.58642600
1096.49609400 6626.72216800
1097.63476600 6500.17041000
1098.77246100 6580.94384800
1099.91015600 6639.68457000
1101.04785200 6528.50537100
1102.18554700 6591.67431600
1103.32226600 6588.62939500
1104.45898400 6744.59130900
1105.59570300 6571.49072300
1106.73144500 6617.04541000
1107.86816400 6644.93994100
1109.00390600 6692.73828100
1110.13964800 6641.07275400
1111.27441400 6735.32519500
1112.41015600 6776.53662100
1113.54492200 6780.15869100
1114.67968800 6792.63232400
1115.81347700 6590.44531300
1116.94824200 6753.40234400
1118.08203100 6734.88183600
1119.21582000 6762.85644500
1120.34960900 6857.28857400
1121.48242200 6887.51513700
1122.61523400 6866.79003900
1123.74804700 6879.30029300
1124.88085900 6871.86474600
1126.01269500 6835.60205100
1127.14550800 7063.22509800
1128.27734400 7131.23828100
1129.40820300 7474.38281300
1130.54003900 7549.16601600
1131.67089800 7506.34668000
1132.80175800 7325.87158200
1133.93261700 7240.79931600
1135.06250000 6969.13720700
1136.19335900 7032.78466800
1137.32324200 6876.49951200
1138.45312500 6984.59912100
1139.58203100 6879.36084000
1140.71191400 6849.66748000
1141.84082000 6920.02587900
1142.96875000 7077.15380900
1144.09765600 6969.62158200
1145.22558600 6935.47070300
1146.35449200 6887.95214800
1147.48242200 6760.27832000
1148.60937500 6899.72363300
1149.73730500 6963.51171900
1150.86425800 7025.09912100
1151.99121100 6939.67480500
1153.11718800 6874.26953100
1154.24414100 6906.90185500
1155.37011700 6923.94287100
1156.49609400 6907.54541000
1157.62207000 7140.91650400
1158.74707000 6961.72216800
1159.87304700 6958.70752000
1160.99804700 6948.99707000
1162.12207000 6948.20996100
1163.24707000 6909.47021500
1164.37109400 6857.31640600
1165.49511700 6972.64502000
1166.61914100 7121.52880900
1167.74316400 7071.61962900
1168.86621100 7312.21142600
1169.98925800 7172.91064500
1171.11230500 7058.14453100
1172.23535200 6961.21972700
1173.35742200 6980.55957000
1174.47949200 6984.24707000
1175.60156300 7032.68750000
1176.72363300 6937.91308600
1177.84472700 7022.17919900
1178.96582000 7001.24853500
1180.08691400 6948.95703100
1181.20800800 6966.07959000
1182.32910200 6998.89160200
1183.44921900 7098.94189500
1184.56933600 6932.31933600
1185.68945300 6846.33056600
1186.80859400 7000.22363300
1187.92773400 7026.34716800
1189.04687500 6947.05224600
1190.16601600 6921.57128900
1191.28515600 6842.22119100
1192.40332000 7099.52099600
1193.52148400 7004.45898400
1194.63964800 6961.00293000
1195.75781300 7054.53173800
1196.87500000 7181.79541000
1197.99218800 7028.25097700
1199.10937500 6937.56787100
1200.22656300 6963.73339800
1201.34277300 7149.53759800
1202.45996100 7036.33447300
1203.57617200 7141.25781300
1204.69140600 6960.51513700
1205.80761700 7083.46679700
1206.92285200 6927.39306600
1208.03808600 7034.63037100
1209.15332000 7018.07666000
1210.26757800 7096.10009800
1211.38281300 6867.81835900
1212.49707000 7031.45459000
1213.61132800 7152.34277300
1214.72460900 7104.24023400
1215.83886700 7157.56250000
1216.95214800 6996.69873000
1218.06543000 7061.29687500
1219.17773400 6940.94921900
1220.29101600 6996.53613300
1221.40332000 7205.60107400
1222.51562500 6945.26367200
1223.62695300 7122.79638700
1224.73925800 7149.11035200
1225.85058600 7164.14209000
1226.96191400 7179.17968800
1228.07324200 7112.88134800
1229.18359400 7292.89062500
1230.29492200 7142.95117200
1231.40527300 7295.90966800
1232.51562500 7213.74902300
1233.62500000 7104.41210900
1234.73535200 7128.50488300
1235.84472700 7175.23486300
1236.95410200 7138.24414100
1238.06250000 7069.54589800
1239.17187500 7501.20068400
1240.28027300 7425.75390600
1241.38867200 7230.22509800
1242.49609400 7052.73925800
1243.60449200 7081.38964800
1244.71191400 7202.97851600
1245.81933600 7170.46240200
1246.92675800 7210.49072300
1248.03320300 7107.65625000
1249.14062500 7329.15820300
1250.24707000 7335.20996100
1251.35351600 7259.56835900
1252.45898400 7338.24023400
1253.56543000 7237.59375000
1254.67089800 7320.83447300
1255.77636700 7542.65234400
1256.88085900 7360.20410200
1257.98632800 7436.70361300
1259.09082000 7292.79150400
1260.19531300 7407.95019500
1261.29980500 7475.41162100
1262.40332000 7320.04687500
1263.50683600 7348.85009800
1264.61035200 7361.74072300
1265.71386700 7431.52148400
1266.81738300 7278.29296900
1267.91992200 7377.67675800
1269.02246100 7370.09033200
1270.12500000 7264.57617200
1271.22753900 7398.18408200
1272.32910200 7595.63623000
1273.43066400 7613.15234400
1274.53222700 7530.39111300
1275.63378900 7639.08496100
1276.73437500 7547.17382800
1277.83593800 7418.73437500
1278.93652300 7340.42480500
1280.03710900 7590.62158200
1281.13671900 7589.90185500
1282.23632800 7630.26562500
1283.33593800 7615.85546900
1284.43554700 7555.77002000
1285.53515600 7785.71142600
1286.63378900 7803.30322300
1287.73242200 7704.37597700
1288.83105500 7630.54589800
1289.92968800 7860.68945300
1291.02832000 7921.74707000
1292.12597700 8254.94433600
1293.22363300 8489.93066400
1294.32128900 8473.37402300
1295.41796900 8205.11914100
1296.51464800 7943.61962900
1297.61132800 7883.44677700
1298.70800800 7610.32421900
1299.80468800 7760.73535200
1300.90039100 7812.71826200
1301.99609400 7727.26660200
1303.09179700 7763.22314500
1304.18750000 7696.06005900
1305.28320300 7654.08496100
1306.37793000 7614.38427700
1307.47265600 7643.46484400
1308.56738300 7594.56982400
1309.66113300 7490.59326200
1310.75488300 7700.94433600
1311.84960900 7670.39062500
1312.94238300 7644.41503900
1314.03613300 7675.83007800
1315.12890600 7560.27783200
1316.22265600 7727.21240200
1317.31543000 7462.28466800
1318.40722700 7491.38818400
1319.50000000 7651.51416000
1320.59179700 7591.00976600
1321.68359400 7629.35302700
1322.77539100 7690.71044900
1323.86621100 7701.48486300
1324.95800800 7673.14941400
1326.04882800 7633.29589800
1327.13964800 7694.70166000
1328.22949200 7624.90625000
1329.32031300 7640.28125000
1330.41015600 7639.53906300
1331.50000000 7664.13623000
1332.58984400 7707.17578100
1333.67871100 7681.09521500
1334.76757800 7735.67919900
1335.85742200 7725.73144500
1336.94531300 7586.64404300
1338.03418000 7650.46679700
1339.12207000 7610.50341800
1340.20996100 7662.81884800
1341.29785200 7544.37353500
1342.38574200 7670.56201200
1343.47363300 7782.94824200
1344.56054700 7692.16455100
1345.64746100 7702.97119100
1346.73437500 7711.47216800
1347.82031300 7768.49951200
1348.90625000 7763.14892600
1349.99316400 7623.72168000
1351.07812500 7708.50976600
1352.16406300 7673.07812500
1353.25000000 7552.04980500
1354.33496100 7509.63037100
1355.41992200 7606.03173800
1356.50390600 7623.78027300
1357.58886700 7567.45849600
1358.67285200 7559.73632800
1359.75683600 7619.16992200
1360.84082000 7755.06640600
1361.92480500 7568.98193400
1363.00781300 7711.87402300
1364.09082000 7660.13281300
1365.17382800 7712.68994100
1366.25683600 7737.44335900
1367.33984400 7697.27002000
1368.42187500 7534.13964800
1369.50390600 7841.92187500
1370.58593800 7694.99755900
1371.66699200 7782.43750000
1372.74902300 7802.58837900
1373.83007800 7713.61425800
1374.91113300 7689.63183600
1375.99121100 7667.96191400
1377.07226600 7585.87451200
1378.15234400 7610.65087900
1379.23242200 7637.76074200
1380.31250000 7632.33398400
1381.39160200 7687.36132800
1382.47168000 7530.76757800
1383.55078100 7906.81396500
1384.62988300 7803.71337900
1385.70898400 7684.28076200
1386.78710900 7646.26660200
1387.86523400 7726.96923800
1388.94335900 7775.10351600
1390.02148400 7674.19824200
1391.09960900 7815.52099600
1392.17675800 7728.56201200
1393.25390600 7911.89941400
1394.33105500 7782.96679700
1395.40820300 7770.55078100
1396.48437500 7774.45263700
1397.56054700 7776.02294900
1398.63671900 8006.20849600
1399.71289100 7872.49462900
1400.78906300 7972.10107400
1401.86425800 7871.00439500
1402.93945300 7937.96386700
1404.01464800 7876.51562500
1405.08984400 7873.43310500
1406.16406300 7963.79296900
1407.23828100 7857.91552700
1408.31250000 7798.73632800
1409.38671900 7758.23242200
1410.46093800 7930.46875000
1411.53418000 7789.42041000
1412.60742200 7961.73095700
1413.68066400 8248.74121100
1414.75390600 8152.12744100
1415.82617200 8212.27636700
1416.89843800 8068.79882800
1417.97070300 8194.51074200
1419.04296900 8102.48828100
1420.11523400 8057.27294900
1421.18652300 8075.29199200
1422.25781300 8088.63085900
1423.32910200 8066.82031300
1424.40039100 8042.65576200
1425.47070300 8044.27148400
1426.54101600 7994.29589800
1427.61132800 8092.06787100
1428.68164100 7997.50634800
1429.75195300 8013.19043000
1430.82128900 8272.96191400
1431.89062500 8206.54687500
1432.95996100 8426.54589800
1434.02929700 8381.26855500
1435.09765600 8479.25097700
1436.16699200 8640.70214800
1437.23535200 8933.80468800
1438.30371100 8862.73828100
1439.37109400 8871.56543000
1440.43945300 8809.86035200
1441.50683600 8581.16308600
1442.57421900 8599.34570300
1443.64062500 8497.55371100
1444.70800800 8416.89648400
1445.77441400 8392.69140600
1446.84082000 8455.57421900
1447.90722700 8400.75781300
1448.97363300 8539.02441400
1450.03906300 8406.47265600
1451.10449200 8384.59375000
1452.16992200 8343.85546900
1453.23535200 8522.28418000
1454.30078100 8344.83105500
1455.36523400 8513.89941400
1456.42968800 8581.62988300
1457.49414100 8507.86328100
1458.55859400 8575.61816400
1459.62207000 8636.32031300
1460.68652300 8626.24218800
1461.75000000 8661.01074200
1462.81250000 8608.43359400
1463.87597700 8617.23437500
1464.93847700 8500.85058600
1466.00195300 8552.15722700
1467.06347700 8466.43164100
1468.12597700 8394.85156300
1469.18847700 8372.88378900
1470.25000000 8232.68945300
1471.31152300 8253.24707000
1472.37304700 8127.16308600
1473.43457000 8230.50781300
1474.49511700 8258.17285200
1475.55566400 8065.74511700
1476.61621100 7906.38037100
1477.67675800 8137.61377000
1478.73730500 8075.29199200
1479.79687500 8221.37988300
1480.85644500 8057.17871100
1481.91601600 8037.45312500
1482.97558600 8266.56933600
1484.03418000 8076.20166000
1485.09277300 7904.72558600
1486.15136700 8243.03418000
1487.20996100 8237.55371100
1488.26855500 7985.34570300
1489.32617200 8117.43457000
1490.38476600 7971.89941400
1491.44238300 7994.84277300
1492.49902300 8127.01025400
1493.55664100 8316.22168000
1494.61328100 8039.97314500
1495.66992200 8272.00293000
1496.72656300 8304.53027300
1497.78320300 8099.41064500
1498.83886700 8122.40673800
1499.89550800 8085.97314500
1500.95117200 8132.75439500
1502.00683600 8065.38720700
1503.06152300 8285.84375000
1504.11718800 8087.61132800
1505.17187500 8139.18701200
1506.22656300 8088.42724600
1507.28125000 8168.59228500
1508.33496100 8141.62988300
1509.38964800 8138.47363300
1510.44335900 8244.89843800
1511.49707000 8001.10742200
1512.54980500 8169.50781300
1513.60351600 8306.98730500
1514.65625000 8346.77050800
1515.70898400 8286.41796900
1516.76171900 8292.82128900
1517.81445300 8351.70800800
1518.86621100 8229.28222700
1519.91796900 8218.97070300
1520.96972700 8213.42871100
1522.02148400 8229.37011700
1523.07324200 8204.72363300
1524.12402300 8223.05761700
1525.17480500 8074.18017600
1526.22558600 8149.83642600
1527.27636700 8249.41894500
1528.32617200 8217.57812500
1529.37695300 8152.25439500
1530.42675800 8335.58496100
1531.47656300 8277.43261700
1532.52539100 8212.08007800
1533.57519500 8280.68457000
1534.62402300 8074.11669900
1535.67285200 8188.19677700
1536.72168000 8333.44335900
1537.77050800 8323.10644500
1538.81835900 8281.63085900
1539.86621100 8208.99804700
1540.91406300 8308.83886700
1541.96191400 8202.63281300
1543.00976600 8247.38378900
1544.05664100 8270.57519500
1545.10351600 8528.75390600
1546.15039100 8369.74511700
1547.19726600 8263.44335900
1548.24316400 8476.18652300
1549.29003900 8252.28222700
1550.33593800 8309.09960900
1551.38183600 8356.33593800
1552.42675800 8379.58007800
1553.47265600 8405.23437500
1554.51757800 8229.13281300
1555.56250000 8319.63183600
1556.60742200 8246.76757800
1557.65234400 8224.34570300
1558.69628900 8387.01074200
1559.74023400 8256.41113300
1560.78418000 8363.83398400
1561.82812500 8283.68945300
1562.87207000 8345.44921900
1563.91503900 8344.67187500
1564.95800800 8577.33984400
1566.00097700 8487.54199200
1567.04394500 8453.08398400
1568.08691400 8259.67871100
1569.12890600 8367.26464800
1570.17089800 8311.07910200
1571.21289100 8298.24218800
1572.25488300 8483.01464800
1573.29589800 8311.11718800
1574.33691400 8445.33496100
1575.37890600 8396.34082000
1576.41894500 8400.38769500
1577.45996100 8375.48730500
1578.50097700 8459.15039100
1579.54101600 8504.23437500
1580.58105500 8404.51367200
1581.62109400 8444.77441400
1582.66015600 8429.51367200
1583.70019500 8624.36132800
1584.73925800 8408.63476600
1585.77832000 8485.16699200
1586.81738300 8426.40234400
1587.85644500 8570.64062500
1588.89453100 8340.22949200
1589.93261700 8349.10156300
1590.97070300 8495.82617200
1592.00878900 8362.01855500
1593.04687500 8470.09179700
1594.08398400 8609.66308600
1595.12109400 8720.24511700
1596.15820300 8479.86230500
1597.19531300 8469.39941400
1598.23144500 8558.22168000
1599.26855500 8613.16699200
1600.30468800 8481.59179700
1601.34082000 8691.62011700
1602.37695300 8518.80761700
1603.41210900 8845.27636700
1604.44726600 8456.64453100
1605.48242200 8436.45703100
1606.51757800 8680.63281300
1607.55273400 8510.07226600
1608.58789100 8603.92089800
1609.62207000 8581.31640600
1610.65625000 8852.40722700
1611.69043000 8667.17871100
1612.72460900 8596.00585900
1613.75781300 8619.52539100
1614.79101600 8623.62011700
1615.82421900 8698.17480500
1616.85742200 8507.87500000
1617.89062500 8844.93945300
1618.92285200 8763.99023400
1619.95605500 8707.32519500
1620.98828100 8816.01367200
1622.01953100 8747.17187500
1623.05175800 8627.21191400
1624.08398400 8784.61425800
1625.11523400 8589.16308600
1626.14648400 8634.63769500
1627.17773400 8631.43164100
1628.20800800 8691.54199200
1629.23925800 8705.39453100
1630.26953100 8658.34668000
1631.29980500 8830.58300800
1632.33007800 8885.90039100
1633.35937500 8855.92187500
1634.38964800 8699.14941400
1635.41894500 8713.01660200
1636.44824200 8829.32714800
1637.47753900 8750.52148400
1638.50585900 8620.44531300
1639.53515600 8812.45800800
1640.56347700 8811.71093800
1641.59179700 8652.27343800
1642.62011700 8746.72656300
1643.64746100 8780.15722700
1644.67578100 8874.66992200
1645.70312500 8690.68652300
1646.73046900 8707.01757800
1647.75683600 8865.11816400
1648.78418000 8659.02246100
1649.81054700 8919.86914100
1650.83789100 8860.44043000
1651.86328100 8666.45410200
1652.88964800 8692.58105500
1653.91601600 8841.06933600
1654.94140600 8813.39453100
1655.96679700 8751.43750000
1656.99218800 8819.22168000
1658.01757800 8830.70800800
1659.04296900 8803.00683600
1660.06738300 8956.58300800
1661.09179700 8830.88281300
1662.11621100 8871.78613300
1663.14062500 8883.28906300
1664.16406300 8870.27929700
1665.18847700 8925.92480500
1666.21191400 9006.11816400
1667.23535200 8728.18554700
1668.25781300 8908.96679700
1669.28125000 8854.22753900
1670.30371100 8914.82910200
1671.32714800 8857.61425800
1672.34863300 8812.65332000
1673.37109400 8696.45312500
1674.39355500 8811.10937500
1675.41503900 8866.84375000
1676.43652300 8878.36621100
1677.45800800 8926.76074200
1678.47949200 8810.46777300
1679.50000000 8794.93847700
1680.52148400 8902.36425800
1681.54199200 8940.95800800
1682.56250000 8868.86035200
1683.58300800 8946.83203100
1684.60253900 8985.45507800
1685.62304700 8873.93652300
1686.64257800 8858.39453100
1687.66210900 8933.95898400
1688.68066400 8814.97656300
1689.70019500 8947.21875000
1690.71875000 8988.34668000
1691.73730500 8980.20214800
1692.75585900 8843.88085900
1693.77441400 8663.13183600
1694.79296900 8815.19531300
1695.81054700 8922.92285200
1696.82812500 8983.82324200
1697.84570300 8891.78027300
1698.86328100 8945.29394500
1699.88085900 8806.31250000
1700.89746100 8840.08007800
1701.91406300 8883.73632800
1702.93066400 8952.10351600
1703.94726600 8835.24609400
1704.96289100 8841.86718800
1705.97949200 8907.79296900
1706.99511700 8820.51464800
1708.01074200 9005.11230500
1709.02636700 8853.53710900
1710.04101600 8929.40429700
1711.05664100 9079.49902300
1712.07128900 8841.26757800
1713.08593800 8805.83300800
1714.10058600 8812.45507800
1715.11425800 8915.61132800
1716.12890600 8981.67089800
1717.14257800 8909.09179700
1718.15625000 9064.33203100
1719.16992200 8875.31835900
1720.18261700 9023.17675800
1721.19628900 8863.81933600
1722.20898400 9004.29492200
1723.22168000 9053.10253900
1724.23437500 8995.31347700
1725.24609400 8942.46191400
1726.25878900 8837.50293000
1727.27050800 8955.77636700
1728.28222700 8937.62402300
1729.29394500 9013.77050800
1730.30566400 8916.18945300
1731.31640600 9128.90918000
1732.32714800 9018.89550800
1733.33789100 8911.32324200
1734.34863300 8888.16992200
1735.35937500 8946.99902300
1736.36914100 8973.54394500
1737.37988300 9104.49023400
1738.38964800 9039.09179700
1739.39941400 9015.93847700
1740.40820300 9169.34765600
1741.41796900 9126.30957000
1742.42675800 9003.64257800
1743.43554700 9244.22851600
1744.44433600 9094.15918000
1745.45312500 9113.30371100
1746.46093800 9030.37597700
1747.46972700 9071.92773400
1748.47753900 9115.98437500
1749.48535200 9187.46093800
1750.49316400 9119.43164100
1751.50000000 9048.88476600
1752.50683600 9269.94238300
1753.51464800 9246.76367200
1754.52148400 9196.14746100
1755.52734400 9195.39062500
1756.53418000 9252.00683600
1757.54003900 9241.27929700
1758.54589800 9145.70410200
1759.55175800 9252.25878900
1760.55761700 9024.34082000
1761.56347700 9093.45898400
1762.56835900 9175.08984400
1763.57324200 9151.84472700
1764.57812500 9081.12304700
1765.58300800 9280.23535200
1766.58789100 9426.94043000
1767.59179700 9373.72656300
1768.59668000 9242.98828100
1769.60058600 9369.76269500
1770.60351600 9356.52441400
1771.60742200 9318.26464800
1772.61132800 9430.11132800
1773.61425800 9124.08300800
1774.61718800 9311.02343800
1775.62011700 9405.40625000
1776.62207000 9364.61328100
1777.62500000 9326.30957000
1778.62695300 9127.67968800
1779.62890600 8974.07031300
1780.63085900 9163.69628900
1781.63281300 9320.81250000
1782.63476600 9320.06250000
1783.63574200 9286.71777300
1784.63671900 9295.99121100
1785.63769500 9347.90625000
1786.63867200 9369.73632800
1787.63867200 9110.55566400
1788.63964800 9212.65429700
1789.63964800 9071.31738300
1790.63964800 9366.75683600
1791.63964800 9258.03808600
1792.63867200 9400.42382800
1793.63867200 9120.85644500
1794.63769500 9363.76562500
1795.63671900 9501.22460900
1796.63574200 9246.65136700
1797.63378900 9157.89453100
1798.63281300 9579.50781300
1799.63085900 9249.36035200
1800.62890600 9306.43652300
1801.62695300 9403.78613300
1802.62402300 9189.16308600
1803.62207000 9341.89355500
1804.61914100 9409.09765600
1805.61621100 9181.76464800
1806.61328100 9372.34960900
1807.61035200 9429.52148400
1808.60644500 9441.37207000
1809.60351600 9312.13378900
1810.59960900 9336.56543000
1811.59570300 9487.03027300
1812.59179700 9289.66015600
1813.58691400 9278.80078100
1814.58300800 9240.19628900
1815.57812500 9418.50000000
1816.57324200 9369.81543000
1817.56738300 9462.41699200
1818.56250000 9244.62695300
1819.55664100 9306.94824200
1820.55175800 9356.66796900
1821.54589800 9376.10449200
1822.54003900 9420.80468800
1823.53320300 9564.04101600
1824.52734400 9449.61425800
1825.52050800 9302.29199200
1826.51367200 9448.11328100
1827.50683600 9227.42089800
1828.50000000 9363.16796900
1829.49218800 9433.21191400
1830.48437500 9402.10253900
1831.47656300 9419.04980500
1832.46875000 9327.19531300
1833.46093800 9432.71582000
1834.45312500 9472.45996100
1835.44433600 9408.41308600
1836.43554700 9354.46972700
1837.42675800 9404.35253900
1838.41796900 9416.25390600
1839.40820300 9648.59668000
1840.39941400 9538.90429700
1841.38964800 9528.02343800
1842.37988300 9334.60449200
1843.37011700 9361.71582000
1844.36035200 9650.06152300
1845.34960900 9532.65332000
1846.33886700 9559.81640600
1847.32812500 9444.88476600
1848.31738300 9586.25390600
1849.30664100 9532.20800800
1850.29492200 9376.58105500
1851.28418000 9457.06835900
1852.27246100 9570.60546900
1853.26074200 9516.51464800
1854.24804700 9513.22168000
1855.23632800 9654.78710900
1856.22363300 9336.32519500
1857.21093800 9516.04589800
1858.19824200 9583.94921900
1859.18554700 9580.66406300
1860.17285200 9595.18457000
1861.15918000 9482.49609400
1862.14550800 9552.98730500
1863.13183600 9562.41992200
1864.11816400 9594.76562500
1865.10449200 9795.17285200
1866.08984400 9654.40136700
1867.07617200 9612.91503900
1868.06152300 9474.60351600
1869.04589800 9517.15527300
1870.03125000 9508.75097700
1871.01660200 9576.81445300
1872.00097700 9688.24609400
1872.98535200 9616.11816400
1873.96972700 9765.85546900
1874.95410200 9527.90039100
1875.93750000 9723.60351600
1876.92187500 9544.24511700
1877.90527300 9635.37500000
1878.88867200 9678.03418000
1879.87207000 9674.74804700
1880.85449200 9643.36816400
1881.83789100 9765.23632800
1882.82031300 9677.65527300
1883.80273400 9561.93261700
1884.78515600 9745.19238300
1885.76660200 9652.44531300
1886.74902300 9679.82910200
1887.73046900 9548.67578100
1888.71191400 9847.16699200
1889.69335900 9739.01855500
1890.67480500 9817.61132800
1891.65527300 9696.62109400
1892.63671900 9803.39160200
1893.61718800 9902.52148400
1894.59765600 9681.61425800
1895.57812500 9698.80468800
1896.55761700 9767.23144500
1897.53808600 9822.87402300
1898.51757800 9765.78613300
1899.49707000 9934.22070300
1900.47656300 9715.63281300
1901.45507800 9679.00293000
1902.43457000 9916.75683600
1903.41308600 9715.99511700
1904.39160200 9812.74707000
1905.37011700 9891.57324200
1906.34863300 9641.93164100
1907.32617200 9959.47460900
1908.30371100 9704.61621100
1909.28125000 9883.62695300
1910.25878900 9941.99414100
1911.23632800 9856.52929700
1912.21386700 10020.25293000
1913.19043000 9981.02636700
1914.16699200 9684.75878900
1915.14355500 9851.11328100
1916.12011700 10053.52832000
1917.09668000 9890.83496100
1918.07226600 9915.85156300
1919.04785200 9840.54199200
1920.02343800 10053.39941400
1920.99902300 9725.86914100
1921.97460900 9946.50781300
1922.94921900 9884.01953100
1923.92480500 9821.50781300
1924.89941400 9957.29394500
1925.87402300 9951.44628900
1926.84765600 9798.73144500
1927.82226600 10027.36425800
1928.79589800 9975.12988300
1929.76953100 9935.76660200
1930.74316400 9860.28808600
1931.71679700 10122.63281300
1932.69043000 9946.56054700
1933.66308600 9997.46093800
1934.63574200 9999.35156300
1935.60839800 9972.85156300
1936.58105500 10085.74023400
1937.55371100 9917.24023400
1938.52539100 10050.82031300
1939.49804700 10106.96289100
1940.46972700 9850.53515600
1941.44140600 10203.80957000
1942.41210900 10006.74316400
1943.38378900 10212.84277300
1944.35449200 10051.89843800
1945.32519500 10180.50878900
1946.29589800 10223.81835900
1947.26660200 9902.40136700
1948.23730500 9945.67480500
1949.20703100 10040.72070300
1950.17675800 10096.97753900
1951.14648400 10282.69628900
1952.11621100 10069.73535200
1953.08593800 10032.79785200
1954.05468800 10029.52050800
1955.02441400 10160.96093800
1955.99316400 9890.80664100
1956.96191400 10120.75683600
1957.92968800 10018.98828100
1958.89843800 10365.72265600
1959.86621100 10077.25000000
1960.83398400 9944.29003900
1961.80175800 10275.64257800
1962.76953100 9999.96191400
1963.73730500 10043.38476600
1964.70410200 10289.28710900
1965.67089800 10101.72265600
1966.63769500 10072.48242200
1967.60449200 10178.28418000
1968.57128900 10237.36816400
1969.53710900 10213.33300800
1970.50293000 10303.62988300
1971.46875000 10069.06933600
1972.43457000 10219.16406300
1973.40039100 10148.30566400
1974.36523400 10186.64648400
1975.33105500 10170.37890600
1976.29589800 10380.44531300
1977.26074200 10304.35937500
1978.22558600 10243.86035200
1979.18945300 10321.30273400
1980.15429700 10370.13476600
1981.11816400 10395.54882800
1982.08203100 10400.13574200
1983.04589800 10331.78222700
1984.00878900 10247.76855500
1984.97265600 10265.36132800
1985.93554700 10113.53222700
1986.89843800 10284.92285200
1987.86132800 10310.35546900
1988.82324200 10333.18847700
1989.78613300 10022.13476600
1990.74804700 10235.38378900
1991.70996100 10219.07324200
1992.67187500 10281.05859400
1993.63378900 10209.92871100
1994.59570300 10219.71484400
1995.55664100 10206.00097700
1996.51757800 10294.15136700
1997.47851600 10442.42578100
1998.43945300 10407.84179700
1999.39941400 10232.11230500
2000.36035200 10304.65234400
2001.32031300 10298.78320300
2002.28027300 10369.37695300
