926.79882800 5635.16357400
927.97265600 5694.08691400
929.14550800 5746.61328100
930.31835900 5668.57861300
931.49023400 5823.89599600
932.66308600 5807.95068400
933.83496100 5959.07617200
935.00683600 5868.16650400
936.17871100 5875.79296900
937.34960900 5812.69238300
938.52050800 5970.37402300
939.69140600 5759.31738300
940.86230500 5760.49365200
942.03222700 5798.13720700
943.20214800 5958.08984400
944.37207000 5749.00488300
945.54199200 5833.88964800
946.71191400 5942.42431600
947.88085900 5814.80371100
949.04980500 5843.91357400
950.21875000 5780.66552700
951.38671900 5756.06591800
952.55468800 5972.14697300
953.72265600 5898.13867200
954.89062500 5862.79882800
956.05859400 5881.20263700
957.22558600 5772.71777300
958.39257800 5862.10156300
959.55957000 5902.03369100
960.72558600 6028.06689500
961.89160200 5829.11572300
963.05761700 5985.32763700
964.22363300 5868.11669900
965.38964800 6011.47705100
966.55468800 5831.74853500
967.71972700 6072.12451200
968.88476600 5952.68017600
970.04980500 5876.29980500
971.21386700 6006.87255900
972.37793000 6051.23779300
973.54199200 5884.23779300
974.70507800 5954.48486300
975.86914100 6022.60302700
977.03222700 6030.31689500
978.19531300 5943.04834000
979.35742200 5944.27148400
980.52050800 6183.05517600
981.68261700 6072.00341800
982.84472700 6004.11621100
984.00585900 6016.15771500
985.16796900 6026.04248000
986.32910200 6178.61425800
987.49023400 6097.71923800
988.65039100 6021.11669900
989.81152300 6061.29492200
990.97168000 6017.10791000
992.13183600 6154.68652300
993.29199200 6151.62646500
994.45117200 6228.66943400
995.61035200 6063.21582000
996.76953100 6226.90771500
997.92871100 6085.21484400
999.08691400 6257.64599600
1000.24609400 6397.63964800
1001.40332000 6405.46337900
1002.56152300 6283.20312500
1003.71972700 6444.97460900
1004.87695300 6151.31982400
1006.03418000 6165.60742200
1007.19140600 6229.80810500
1008.34765600 6315.73925800
1009.50390600 6212.84570300
1010.66015600 6246.69873000
1011.81640600 6217.58593800
1012.97265600 6199.32226600
1014.12793000 6065.90283200
1015.28320300 6267.07763700
1016.43847700 6244.46533200
1017.59277300 6226.19140600
1018.74804700 6303.58349600
1019.90234400 6230.94287100
1021.05566400 6190.90185500
1022.20996100 6213.94043000
1023.36328100 6287.04101600
1024.51660200 6316.63916000
1025.66992200 6350.60351600
1026.82324200 6354.09570300
1027.97558600 6372.83593800
1029.12793000 6437.33056600
1030.28027300 6397.26513700
1031.43261700 6392.05224600
1032.58398400 6358.49951200
1033.73535200 6235.54199200
1034.88671900 6352.41210900
1036.03808600 6229.40234400
1037.18847700 6344.13720700
1038.33886700 6421.82470700
1039.48925800 6492.99707000
1040.63964800 6289.14355500
1041.78906300 6272.98046900
1042.93847700 6355.08447300
1044.08789100 6428.48584000
1045.23730500 6418.89502000
1046.38574200 6520.74755900
1047.53418000 6528.65722700
1048.68261700 6582.47949200
1049.83105500 6459.20898400
1050.97851600 6469.29736300
1052.12695300 6442.20263700
1053.27441400 6563.87744100
1054.42089800 6694.35644500
1055.56835900 6752.65625000
1056.71484400 6983.93701200
1057.86132800 7189.03613300
1059.00781300 7484.02002000
1060.15332000 7619.20556600
1061.29980500 7640.50830100
1062.44531300 7679.35205100
1063.58984400 7284.18554700
1064.73535200 6994.09521500
1065.87988300 6831.07617200
1067.02441400 6641.66796900
1068.16894500 6572.84375000
1069.31347700 6488.63037100
1070.45703100 6654.58740200
1071.60058600 6590.11279300
1072.74414100 6562.93847700
1073.88671900 6540.14453100
1075.03027300 6607.40185500
1076.17285200 6604.38085900
1077.31543000 6616.74121100
1078.45703100 6545.58349600
1079.59960900 6586.51611300
1080.74121100 6629.66406300
1081.88281300 6547.46679700
1083.02343800 6716.01367200
1084.16503900 6517.18554700
1085.30566400 6710.00390600
1086.44628900 6555.11523400
1087.58593800 6516.84863300
1088.72656300 6617.29785200
1089.86621100 6660.52246100
1091.00585900 6646.48681600
1092.14550800 6517.86425800
1093.28418000 6644.84375000
1094.42285200 6599.93359400
1095.56152300 6784.30859400
1096.70019500 6732.79248000
1097.83789100 6729.78125000
1098.97656300 6720.14990200
1100.11425800 6829.67529300
1101.25097700 6859.78857400
1102.38867200 6726.55224600
1103.52539100 6778.73681600
1104.66210900 6782.35546900
1105.79882800 6710.87011700
1106.93554700 6774.13085900
1108.07128900 6870.56543000
1109.20703100 6880.83642600
1110.34277300 6818.15429700
1111.47753900 6757.65722700
1112.61328100 6896.19043000
1113.74804700 6862.23046900
1114.88281300 6934.46289100
1116.01660200 6924.84033200
1117.15136700 6833.31103500
1118.28515600 6861.30127000
1119.41894500 6884.87353500
1120.55175800 6959.39990200
1121.68554700 7058.32617200
1122.81835900 6946.78515600
1123.95117200 7072.34570300
1125.08300800 7127.02050800
1126.21582000 7352.44677700
1127.34765600 7380.58935500
1128.47949200 7730.38037100
1129.61132800 8211.21679700
1130.74218800 8510.28613300
1131.87304700 8676.30468800
1133.00390600 8420.58593800
1134.13476600 8020.42871100
1135.26562500 7464.63720700
1136.39550800 7326.24072300
1137.52539100 7023.36718800
1138.65527300 7018.16113300
1139.78418000 7039.62646500
1140.91308600 6985.50927700
1142.04296900 6993.63378900
1143.17089800 6986.19189500
1144.29980500 7054.38476600
1145.42773400 7069.20312500
1146.55566400 6899.30371100
1147.68359400 7081.04834000
1148.81152300 7004.59375000
1149.93847700 7032.77441400
1151.06543000 6940.68457000
1152.19238300 6984.45849600
1153.31933600 6930.20214800
1154.44531300 6942.78759800
1155.57226600 7028.94433600
1156.69824200 6896.62060500
1157.82324200 7074.24169900
1158.94921900 7247.47509800
1160.07421900 7045.94824200
1161.19921900 7138.90918000
1162.32421900 7220.74804700
1163.44824200 7148.57568400
1164.57226600 7087.53759800
1165.69628900 7073.37695300
1166.82031300 7170.90625000
1167.94433600 7304.22607400
1169.06738300 7526.99511700
1170.19043000 7463.73535200
1171.31347700 7322.19628900
1172.43652300 7238.74072300
1173.55859400 7085.91162100
1174.68066400 7047.11474600
1175.80273400 6981.45019500
1176.92480500 7137.33007800
1178.04589800 7060.46289100
1179.16699200 6936.54394500
1180.28808600 6985.01416000
1181.40918000 6825.18750000
1182.52929700 6920.70361300
1183.64941400 7018.50000000
1184.76953100 7028.92334000
1185.88964800 6936.22607400
1187.00976600 6973.54345700
1188.12890600 7136.47021500
1189.24804700 6915.87255900
1190.36718800 7009.29980500
1191.48535200 6943.43017600
1192.60351600 7110.97412100
1193.72265600 6872.22558600
1194.83984400 6923.05419900
1195.95800800 7025.56250000
1197.07519500 6869.76611300
1198.19238300 6841.98144500
1199.30957000 6971.50439500
1200.42675800 6880.78710900
1201.54296900 6821.50927700
1202.65918000 6980.34179700
1203.77539100 7069.51220700
1204.89160200 6922.49511700
1206.00781300 7004.93847700
1207.12304700 7139.18212900
1208.23828100 7111.39746100
1209.35253900 6984.52978500
1210.46777300 7134.61572300
1211.58203100 7104.55908200
1212.69628900 6914.52490200
1213.81054700 6830.32568400
1214.92480500 6939.93164100
1216.03808600 6844.42968800
1217.15136700 6958.59228500
1218.26464800 6912.67187500
1219.37793000 7026.89550800
1220.49023400 7105.06494100
1221.60253900 7025.29345700
1222.71484400 7006.43359400
1223.82714800 6946.92675800
1224.93847700 6964.17285200
1226.04980500 7031.11523400
1227.16113300 7152.30322300
1228.27246100 7110.85205100
1229.38281300 7137.18457000
1230.49414100 7134.14062500
1231.60449200 7070.04931600
1232.71484400 7078.29638700
1233.82421900 7059.40380900
1234.93359400 7151.35937500
1236.04296900 6985.38867200
1237.15234400 6991.36035200
1238.26171900 7103.73144500
1239.37011700 7150.48535200
1240.47851600 7151.96386700
1241.58691400 7287.08837900
1242.69531300 7064.29589800
1243.80273400 7199.45703100
1244.91113300 7293.87500000
1246.01855500 7234.17187500
1247.12500000 7142.69873000
1248.23242200 7146.44238300
1249.33886700 7134.30810500
1250.44531300 7199.31152300
1251.55175800 7407.31396500
1252.65820300 7181.85693400
1253.76367200 7326.37109400
1254.86914100 7287.00927700
1255.97460900 7467.94433600
1257.07910200 7215.05078100
1258.18457000 7321.06152300
1259.28906300 7272.57324200
1260.39355500 7524.12060500
1261.49804700 7373.34033200
1262.60156300 7465.82470700
1263.70507800 7433.24658200
1264.80859400 7464.35498000
1265.91210900 7388.52734400
1267.01562500 7319.49560500
1268.11816400 7530.43652300
1269.22070300 7354.39013700
1270.32324200 7376.40234400
1271.42480500 7327.81005900
1272.52734400 7399.94726600
1273.62890600 7323.99365200
1274.73046900 7535.19287100
1275.83105500 7397.68212900
1276.93261700 7385.52441400
1278.03320300 7510.20068400
1279.13378900 7372.59814500
1280.23437500 7540.67187500
1281.33398400 7236.42724600
1282.43457000 7473.01757800
1283.53418000 7522.49804700
1284.63281300 7647.35351600
1285.73242200 7776.82714800
1286.83105500 7666.49023400
1287.93066400 7718.33447300
1289.02832000 7969.02490200
1290.12695300 7920.37500000
1291.22558600 8461.56738300
1292.32324200 9206.50488300
1293.42089800 10004.35253900
1294.51757800 9933.20214800
1295.61523400 9379.21679700
1296.71191400 8454.24316400
1297.80859400 8195.02050800
1298.90527300 7876.16162100
1300.00195300 7719.76513700
1301.09765600 7645.76220700
1302.19335900 7638.16748000
1303.28906300 7639.73486300
1304.38476600 7618.38281300
1305.47949200 7633.70019500
1306.57421900 7536.67236300
1307.66894500 7519.87109400
1308.76367200 7567.28955100
1309.85742200 7573.42919900
1310.95214800 7561.21289100
1312.04589800 7684.40966800
1313.13964800 7500.03271500
1314.23242200 7689.85498000
1315.32617200 7514.58935500
1316.41894500 7415.05566400
1317.51171900 7416.57373000
1318.60351600 7457.15918000
1319.69628900 7467.87988300
1320.78808600 7538.37793000
1321.87988300 7466.33789100
1322.97168000 7488.56445300
1324.06250000 7563.70947300
1325.15429700 7436.40771500
1326.24511700 7566.80322300
1327.33496100 7457.86377000
1328.42578100 7703.43017600
1329.51562500 7603.68359400
1330.60644500 7460.13427700
1331.69628900 7454.74755900
1332.78515600 7656.73242200
1333.87500000 7409.39599600
1334.96386700 7431.65527300
1336.05273400 7375.53320300
1337.14160200 7526.93164100
1338.22949200 7523.85498000
1339.31835900 7359.28710900
1340.40625000 7478.46923800
1341.49414100 7498.45800800
1342.58105500 7511.52978500
1343.66894500 7492.28173800
1344.75585900 7549.23339800
1345.84277300 7506.88574200
1346.92968800 7478.38232400
1348.01562500 7600.06494100
1349.10253900 7414.40429700
1350.18847700 7448.27880900
1351.27343800 7394.30371100
1352.35937500 7497.56543000
1353.44433600 7441.26416000
1354.53027300 7297.02343800
1355.61523400 7536.85546900
1356.69921900 7485.15478500
1357.78418000 7495.93750000
1358.86816400 7409.47509800
1359.95214800 7434.14111300
1361.03613300 7509.77734400
1362.11914100 7603.97900400
1363.20312500 7547.59082000
1364.28613300 7342.83886700
1365.36914100 7481.10986300
1366.45214800 7484.94824200
1367.53418000 7426.16845700
1368.61621100 7573.81738300
1369.69824200 7540.55224600
1370.78027300 7523.51806600
1371.86230500 7513.43896500
1372.94335900 7377.99023400
1374.02441400 7516.48828100
1375.10546900 7353.11328100
1376.18652300 7561.35107400
1377.26660200 7676.73388700
1378.34668000 7434.27636700
1379.42675800 7424.16113300
1380.50683600 7537.25976600
1381.58593800 7485.30322300
1382.66601600 7431.00000000
1383.74511700 7523.22998000
1384.82421900 7736.48877000
1385.90234400 7505.33105500
1386.98144500 7513.83349600
1388.05957000 7482.75927700
1389.13769500 7565.77539100
1390.21582000 7448.52099600
1391.29296900 7538.55127000
1392.37109400 7549.39599600
1393.44824200 7637.15136700
1394.52441400 7606.06103500
1395.60156300 7365.12451200
1396.67871100 7588.14697300
1397.75488300 7440.40527300
1398.83105500 7530.55712900
1399.90625000 7485.41064500
1400.98242200 7575.60693400
1402.05761700 7796.56005900
1403.13281300 7625.35986300
1404.20800800 7598.87548800
1405.28320300 7570.04345700
1406.35742200 7618.29394500
1407.43164100 7668.89941400
1408.50585900 7609.67968800
1409.58007800 7585.49951200
1410.65429700 7680.55078100
1411.72753900 7721.85302700
1412.80078100 7718.72998000
1413.87402300 7820.88183600
1414.94628900 7923.07421900
1416.01953100 8132.96630900
1417.09179700 8148.64843800
1418.16406300 7972.34423800
1419.23632800 7983.31494100
1420.30761700 7931.04736300
1421.37988300 7867.04443400
1422.45117200 7791.29834000
1423.52246100 7928.79980500
1424.59277300 7951.49072300
1425.66406300 7997.63671900
1426.73437500 7971.10156300
1427.80468800 8010.23144500
1428.87500000 7885.15185500
1429.94433600 8264.52832000
1431.01464800 8383.53710900
1432.08398400 8441.55859400
1433.15332000 8539.51855500
1434.22168000 8919.32812500
1435.29101600 9125.47070300
1436.35937500 9944.87988300
1437.42773400 10005.61914100
1438.49609400 10395.42578100
1439.56347700 10383.40332000
1440.63183600 9778.85937500
1441.69921900 9604.43847700
1442.76660200 9225.30566400
1443.83300800 8935.42187500
1444.90039100 8758.37207000
1445.96679700 8630.67578100
1447.03320300 8644.17187500
1448.09960900 8657.67382800
1449.16601600 8911.39160200
1450.23144500 8687.04589800
1451.29687500 8688.78222700
1452.36230500 8747.07226600
1453.42773400 8791.24414100
1454.49218800 8764.71191400
1455.55761700 8919.72168000
1456.62207000 8996.96875000
1457.68652300 8994.04687500
1458.75000000 9066.61914100
1459.81445300 9014.15429700
1460.87793000 9124.52050800
1461.94140600 9173.55371100
1463.00488300 8993.57519500
1464.06738300 9049.68457000
1465.13085900 8817.64257800
1466.19335900 8762.69824200
1467.25585900 8771.53222700
1468.31738300 8499.11425800
1469.37988300 8425.16015600
1470.44140600 8393.73535200
1471.50293000 8348.10742200
1472.56445300 8127.42334000
1473.62597700 8114.84521500
1474.68652300 8147.22119100
1475.74707000 8103.87255900
1476.80761700 8006.05859400
1477.86816400 7811.12890600
1478.92773400 7888.46337900
1479.98828100 7882.92431600
1481.04785200 7775.50976600
1482.10742200 7852.88134800
1483.16601600 7868.66113300
1484.22558600 7891.55761700
1485.28418000 7990.33544900
1486.34277300 7757.14355500
1487.40136700 7886.76806600
1488.45898400 7805.29687500
1489.51757800 7745.14892600
1490.57519500 7708.71044900
1491.63281300 7710.23828100
1492.69043000 7832.85595700
1493.74707000 7687.17089800
1494.80371100 7698.19433600
1495.86132800 7794.74755900
1496.91699200 7755.89550800
1497.97363300 7757.43066400
1499.03027300 7918.23339800
1500.08593800 7862.73730500
1501.14160200 7750.14502000
1502.19726600 7663.67138700
1503.25195300 7834.09668000
1504.30761700 7799.95263700
1505.36230500 7653.93701200
1506.41699200 7755.42675800
1507.47070300 7752.19677700
1508.52539100 7756.10937500
1509.57910200 7771.93164100
1510.63281300 7709.14355500
1511.68652300 7705.89941400
1512.74023400 7762.23437500
1513.79296900 7754.23046900
1514.84668000 7905.96337900
1515.89941400 7819.29003900
1516.95214800 7713.50097700
1518.00390600 7786.58886700
1519.05664100 7804.82568400
1520.10839800 7954.32861300
1521.16015600 7676.61523400
1522.21093800 7780.78808600
1523.26269500 7713.06933600
1524.31347700 7728.91796900
1525.36425800 7754.32812500
1526.41503900 7665.05761700
1527.46582000 7781.27734400
1528.51660200 7859.29687500
1529.56640600 7829.76220700
1530.61621100 7687.82666000
1531.66601600 7816.09814500
1532.71484400 7599.94531300
1533.76464800 7771.31640600
1534.81347700 7729.76611300
1535.86230500 7704.95459000
1536.91113300 7771.10644500
1537.95996100 7715.16308600
1539.00781300 7857.98144500
1540.05566400 7895.45507800
1541.10351600 7971.27734400
1542.15136700 7805.09228500
1543.19824200 7691.57226600
1544.24609400 7760.20507800
1545.29296900 7864.83203100
1546.33984400 7768.04296900
1547.38574200 7822.33691400
1548.43261700 7783.08203100
1549.47851600 7784.60595700
1550.52441400 7908.53759800
1551.57031300 7787.65332000
1552.61621100 7815.58886700
1553.66113300 7877.15722700
1554.70605500 7926.73828100
1555.75097700 7863.42041000
1556.79589800 7956.27050800
1557.84082000 7739.11181600
1558.88476600 7817.54931600
1559.92871100 7869.56835900
1560.97265600 7887.93945300
1562.01660200 7846.18408200
1563.06054700 7946.35351600
1564.10351600 8005.65478500
1565.14648400 7872.43945300
1566.18945300 7864.34668000
1567.23242200 7868.28808600
1568.27441400 7889.08789100
1569.31738300 8078.49804700
1570.35937500 7798.20947300
1571.40136700 7956.35058600
1572.44238300 8063.94189500
1573.48437500 7860.62060500
1574.52539100 7883.85009800
1575.56640600 7907.08837900
1576.60742200 7877.27294900
1577.64843800 7980.12548800
1578.68847700 7844.14648400
1579.72851600 7961.51171900
1580.76855500 7929.26709000
1581.80859400 7909.08105500
1582.84863300 7867.15380900
1583.88769500 7916.98681600
1584.92675800 7901.61572300
1585.96582000 7799.25732400
1587.00488300 7911.93603500
1588.04394500 7898.97021500
1589.08203100 7973.03027300
1590.12011700 7788.39160200
1591.15820300 8092.21240200
1592.19628900 7987.34912100
1593.23437500 8088.09472700
1594.27148400 7988.02880900
1595.30859400 8081.55127000
1596.34570300 8012.91455100
1597.38281300 7970.88427700
1598.41894500 8071.72119100
1599.45605500 7998.19628900
1600.49218800 7907.68359400
1601.52832000 8023.10400400
1602.56347700 7939.83056600
1603.59960900 8014.09082000
1604.63476600 8085.95459000
1605.66992200 7937.16699200
1606.70507800 7972.65966800
1607.74023400 8073.66748000
1608.77441400 7980.59716800
1609.80859400 7923.89453100
1610.84277300 7993.39355500
1611.87695300 8123.61474600
1612.91113300 8193.17773400
1613.94433600 8061.17724600
1614.97851600 7984.99804700
1616.01171900 8108.02685500
1617.04394500 8126.60400400
1618.07714800 8135.46484400
1619.11035200 7901.21435500
1620.14257800 7990.27734400
1621.17480500 7948.04150400
1622.20703100 8020.11865200
1623.23828100 8233.33789100
1624.27050800 8059.71484400
1625.30175800 8224.34375000
1626.33300800 8196.71582000
1627.36425800 8266.47265600
1628.39453100 8065.92968800
1629.42480500 8220.94140600
1630.45605500 8051.98339800
1631.48632800 8153.44140600
1632.51562500 8164.76025400
1633.54589800 7978.62841800
1634.57519500 8192.28515600
1635.60546900 8128.01806600
1636.63378900 8188.12060500
1637.66308600 8084.79345700
1638.69238300 8169.31005900
1639.72070300 8078.14062500
1640.74902300 8143.15966800
1641.77734400 8178.90478500
1642.80566400 8314.78320300
1643.83398400 8001.31054700
1644.86132800 8124.99121100
1645.88867200 8168.08837900
1646.91601600 8223.42089800
1647.94335900 8244.55371100
1648.96972700 8226.57812500
1649.99707000 8311.29394500
1651.02343800 8271.31152300
1652.04980500 8201.95996100
1653.07519500 8100.77490200
1654.10156300 8393.53320300
1655.12695300 8130.80517600
1656.15234400 8235.18164100
1657.17773400 8177.99560500
1658.20312500 8243.23535200
1659.22753900 8144.38818400
1660.25293000 8292.94238300
1661.27734400 8152.40918000
1662.30175800 8303.47168000
1663.32617200 8202.10644500
1664.34960900 8196.32128900
1665.37304700 8266.55273400
1666.39648400 8250.96582000
1667.41992200 8183.85449200
1668.44335900 8079.91259800
1669.46679700 8211.52636700
1670.48925800 8200.82421900
1671.51171900 8330.05566400
1672.53418000 8265.34863300
1673.55664100 8335.69628900
1674.57812500 8261.13867200
1675.59960900 8424.87500000
1676.62207000 8345.38964800
1677.64257800 8135.60546900
1678.66406300 8164.20068400
1679.68554700 8254.27734400
1680.70605500 7911.55175800
1681.72656300 8254.96875000
1682.74707000 8180.27685500
1683.76757800 8122.78076200
1684.78710900 8109.56298800
1685.80761700 8428.66210900
1686.82714800 8090.49755900
1687.84668000 8229.94531300
1688.86523400 8209.34668000
1689.88476600 8311.91601600
1690.90332000 8210.01171900
1691.92187500 8046.45752000
1692.94043000 8166.30712900
1693.95898400 8002.68115200
1694.97656300 8019.00048800
1695.99511700 8082.18603500
1697.01269500 8152.79541000
1698.03027300 8327.05664100
1699.04785200 8141.09326200
1700.06445300 8196.94335900
1701.08105500 8139.25439500
1702.09863300 8195.12402300
1703.11523400 8127.53369100
1704.13085900 8042.62646500
1705.14746100 8061.44970700
1706.16308600 8245.83886700
1707.17871100 8239.99218800
1708.19433600 8169.87109400
1709.20996100 8092.30566400
1710.22558600 8140.82861300
1711.24023400 8110.22168000
1712.25488300 8111.76220700
1713.26953100 8140.52050800
1714.28418000 8327.67578100
1715.29785200 8393.61425800
1716.31250000 8234.28515600
1717.32617200 8206.13378900
1718.33984400 8338.95507800
1719.35351600 8271.17773400
1720.36621100 8292.56835900
1721.37988300 8190.06201200
1722.39257800 8313.06445300
1723.40527300 8411.32324200
1724.41796900 8231.91601600
1725.42968800 8216.11718800
1726.44238300 8324.33398400
1727.45410200 8184.50000000
1728.46582000 8074.38964800
1729.47753900 8311.69531300
1730.48828100 8355.46972700
1731.50000000 8175.80957000
1732.51074200 8256.82226600
1733.52148400 8278.25683600
1734.53222700 8339.44531300
1735.54199200 8368.35546900
1736.55273400 8218.34765600
1737.56250000 8311.87109400
1738.57226600 8209.02929700
1739.58203100 8155.87890600
1740.59179700 8383.74121100
1741.60058600 8375.37793000
1742.60937500 8287.39648400
1743.61816400 8199.38085900
1744.62695300 8385.11035200
1745.63574200 8269.69628900
1746.64355500 8331.01660200
1747.65234400 8384.88867200
1748.66015600 8264.42578100
1749.66796900 8398.02441400
1750.67480500 8367.21972700
1751.68261700 8216.77734400
1752.68945300 8405.28027300
1753.69628900 8087.74707000
1754.70312500 8276.29589800
1755.70996100 8247.93066400
1756.71679700 8314.34765600
1757.72265600 8305.93847700
1758.72851600 8230.14648400
1759.73437500 8411.41113300
1760.74023400 8365.56738300
1761.74511700 8397.10937500
1762.75097700 8453.63769500
1763.75585900 8205.44824200
1764.76074200 8626.71582000
1765.76562500 8338.48339800
1766.76953100 8420.03418000
1767.77441400 8426.62304700
1768.77832000 8435.71386700
1769.78222700 8544.83398400
1770.78613300 8358.86035200
1771.78906300 8322.91210900
1772.79296900 8464.59960900
1773.79589800 8303.52929700
1774.79882800 8395.20507800
1775.80175800 8516.95703100
1776.80468800 8263.15625000
1777.80664100 8307.29003900
1778.80859400 8409.05371100
1779.81054700 8358.02539100
1780.81250000 8254.35449200
1781.81445300 8268.44238300
1782.81543000 8372.78027300
1783.81738300 8464.62011700
1784.81835900 8350.85839800
1785.81933600 8548.07421900
1786.81933600 8476.93261700
1787.82031300 8383.18066400
1788.82031300 8392.28906300
1789.82031300 8363.74902300
1790.82031300 8418.04687500
1791.82031300 8392.01074200
1792.82031300 8365.96386700
1793.81933600 8365.02734400
1794.81835900 8386.70312500
1795.81738300 8491.31347700
1796.81640600 8525.58691400
1797.81543000 8464.34472700
1798.81347700 8526.28320300
1799.81152300 8510.28418000
1800.80957000 8431.39550800
1801.80761700 8372.60351600
1802.80566400 8328.88671900
1803.80273400 8224.75097700
1804.79980500 8470.46972700
1805.79687500 8409.12109400
1806.79394500 8559.27636700
1807.79101600 8450.06640600
1808.78710900 8464.25195300
1809.78418000 8584.26562500
1810.78027300 8449.79687500
1811.77636700 8514.40039100
1812.77148400 8382.38769500
1813.76757800 8399.09375000
1814.76269500 8564.60156300
1815.75781300 8374.50683600
1816.75293000 8431.58691400
1817.74804700 8357.47070300
1818.74316400 8583.66699200
1819.73730500 8360.61523400
1820.73144500 8334.41406300
1821.72558600 8295.57714800
1822.71972700 8375.43652300
1823.71386700 8510.90234400
1824.70703100 8626.20410200
1825.70019500 8562.12011700
1826.69335900 8566.25781300
1827.68652300 8651.29687500
1828.67968800 8511.32128900
1829.67187500 8530.62500000
1830.66503900 8228.68066400
1831.65722700 8425.04101600
1832.64941400 8396.25976600
1833.64062500 8607.91015600
1834.63281300 8523.45898400
1835.62402300 8368.08105500
1836.61523400 8579.84472700
1837.60644500 8561.19433600
1838.59765600 8370.26757800
1839.58789100 8599.88769500
1840.57910200 8543.21484400
1841.56933600 8476.38183600
1842.55957000 8635.16210900
1843.54980500 8426.31835900
1844.53906300 8750.00390600
1845.52929700 8543.63867200
1846.51855500 8601.06250000
1847.50781300 8333.68750000
1848.49707000 8452.00878900
1849.48632800 8466.29003900
1850.47460900 8465.34277300
1851.46289100 8583.75488300
1852.45117200 8471.06640600
1853.43945300 8505.68554700
1854.42773400 8644.49902300
1855.41503900 8547.00585900
1856.40332000 8556.23925800
1857.39062500 8479.03222700
1858.37793000 8574.71386700
1859.36523400 8411.00585900
1860.35156300 8458.37695300
1861.33789100 8599.90625000
1862.32519500 8438.65429700
1863.31152300 8547.14355500
1864.29687500 8546.20507800
1865.28320300 8692.94921900
1866.26855500 8641.10253900
1867.25488300 8525.55468800
1868.24023400 8547.54003900
1869.22558600 8727.51953100
1870.20996100 8545.65820300
1871.19531300 8567.65820300
1872.17968800 8694.20117200
1873.16406300 8583.63183600
1874.14843800 8751.03418000
1875.13281300 8683.80078100
1876.11621100 8675.22851600
1877.09960900 8556.91601600
1878.08398400 8737.20019500
1879.06738300 8766.92675800
1880.04980500 8643.45703100
1881.03320300 8665.51464800
1882.01562500 8621.16503900
1882.99804700 8617.67773400
1883.98046900 8611.63281300
1884.96289100 8700.15332000
1885.94531300 8609.76171900
1886.92675800 8759.67871100
1887.90918000 8753.65527300
1888.89062500 8921.55859400
1889.87207000 8708.34375000
1890.85253900 8758.59960900
1891.83398400 8811.43261700
1892.81445300 8869.40527300
1893.79492200 8640.65820300
1894.77539100 8542.41894500
1895.75585900 8961.49609400
1896.73535200 8924.75976600
1897.71582000 8772.71289100
1898.69531300 8666.73632800
1899.67480500 8676.05761700
1900.65429700 8700.76464800
1901.63281300 8584.45703100
1902.61230500 8760.46289100
1903.59082000 8662.07812500
1904.56933600 8830.46777300
1905.54785200 8780.81250000
1906.52539100 8785.03418000
1907.50390600 8714.81543000
1908.48144500 8875.63964800
1909.45898400 8944.07910200
1910.43652300 8670.94531300
1911.41406300 8819.00781300
1912.39062500 8818.10156300
1913.36816400 8860.88183600
1914.34472700 8924.24121100
1915.32128900 8779.38769500
1916.29785200 8837.61328100
1917.27343800 8996.16015600
1918.25000000 8889.82226600
1919.22558600 8909.50878900
1920.20117200 8844.28613300
1921.17675800 8902.57812500
1922.15136700 8824.45703100
1923.12695300 8694.81250000
1924.10156300 8755.68457000
1925.07617200 8788.24609400
1926.05078100 8913.56250000
1927.02539100 8837.94628900
1927.99902300 8968.47265600
1928.97265600 8699.51562500
1929.94726600 8819.75293000
1930.91992200 8635.75976600
1931.89355500 8877.24804700
1932.86718800 8842.81250000
1933.83984400 8782.56250000
1934.81250000 8923.57324200
1935.78515600 8811.69433600
1936.75781300 8903.71484400
1937.73046900 9096.46875000
1938.70214800 8958.73437500
1939.67480500 8934.59960900
1940.64648400 8915.62207000
1941.61718800 9046.50878900
1942.58886700 9048.22070300
1943.56054700 8752.66406300
1944.53125000 8878.42285200
1945.50195300 9009.40039100
1946.47265600 8964.55175800
1947.44335900 8891.22949200
1948.41308600 8727.32031300
1949.38378900 8907.53808600
1950.35351600 9015.35058600
1951.32324200 8882.43750000
1952.29296900 8922.96191400
1953.26171900 9048.96777300
1954.23144500 8998.87695300
1955.20019500 9145.67089800
1956.16894500 8997.10839800
1957.13769500 8908.10156300
1958.10546900 9096.43945300
1959.07421900 8908.89062500
1960.04199200 8913.17480500
1961.00976600 8969.33691400
1961.97753900 8862.08105500
1962.94531300 8931.22851600
1963.91308600 9060.09375000
1964.87988300 8945.00585900
1965.84668000 8957.09082000
1966.81347700 8961.38964800
1967.78027300 8864.39843800
1968.74609400 8899.85449200
1969.71289100 8911.94043000
1970.67871100 8996.79492200
1971.64453100 9021.89941400
1972.61035200 8976.82128900
1973.57617200 9173.54589800
1974.54101600 9206.50097700
1975.50585900 9052.18261700
1976.47070300 9118.94824200
1977.43554700 8951.54296900
1978.40039100 8997.49511700
1979.36523400 8973.17773400
1980.32910200 8894.17382800
1981.29296900 9091.18261700
1982.25683600 9121.56835900
1983.22070300 8940.94628900
1984.18359400 9018.21582000
1985.14746100 9019.93750000
1986.11035200 9172.84472700
1987.07324200 9033.80957000
1988.03613300 8957.30468800
1988.99902300 9032.04394500
1989.96093800 8971.16210900
1990.92285200 9061.58789100
1991.88476600 9092.02539100
1992.84668000 9130.30566400
1993.80859400 9098.11328100
1994.77050800 8951.01757800
1995.73144500 9161.66210900
1996.69238300 9051.09277300
1997.65332000 9084.17773400
1998.61425800 9031.04003900
1999.57421900 9045.83789100
2000.53515600 9144.29394500
2001.49511700 9268.93457000
2002.45507800 9224.48535200
